0 0.4157608703125 0 0.40760869531250005 0.021634615625 0.40625 0.0625 0.40828804375 0.06850961562499999 0.4782608703125 0.06971153906250001 0.489130434375 0.06850961562499999 0.4925271734375 0.061298076562500005 0.491168478125 0.02764423125 0.48369565156250005 0 0.4157608703125 0
0 0.307744565625 0 0.2982336953125 0.033653846875 0.2975543484375 0.060096153124999996 0.299592390625 0.06850961562499999 0.3695652171875 0.06971153906250001 0.38315217343749997 0.06850961562499999 0.385869565625 0.0625 0.38451087031250003 0.03125 0.3763586953125 0 0.307744565625 0
0 0.1997282609375 0 0.1915760875 0.036057692187500004 0.1908967390625 0.0637019234375 0.1929347828125 0.06850961562499999 0.2758152171875 0.06971153906250001 0.2798913046875 0.064903846875 0.278532609375 0.025240384375 0.2697010875 0 0.1997282609375 0
0 0.0876358703125 0 0.0822010875 0.0264423078125 0.0815217390625 0.057692307812499996 0.0855978265625 0.06850961562499999 0.171875 0.06850961562499999 0.1759510875 0.05889423125 0.1759510875 0.0396634609375 0.16983695625 0 0.0876358703125 0
0 0.43682065156250005 0.388221153125 0.45108695625 0.3605769234375 0.4572010875 0.322115384375 0.455842390625 0.29326923125 0.45108695625 0.2728365390625 0.43546195625 0.2512019234375 0.390625 0.2512019234375 0.3763586953125 0.2728365390625 0.372282609375 0.302884615625 0.372282609375 0.3293269234375 0.3763586953125 0.35576923125 0.39266304375 0.388221153125 0.43682065156250005 0.388221153125
0 0.20040760937500002 0.388221153125 0.243206521875 0.388221153125 0.2554347828125 0.37139423125 0.26358695625 0.346153846875 0.2663043484375 0.3173076921875 0.2642663046875 0.2824519234375 0.256793478125 0.2644230765625 0.24592391249999998 0.2512019234375 0.2318274453125 0.25 0.2241847828125 0.2427884609375 0.2169381796875 0.25 0.20108695625 0.2512019234375 0.1881793484375 0.2644230765625 0.17934782656249998 0.296875 0.1779891296875 0.32451923125 0.1813858703125 0.3485576921875 0.1888586953125 0.3701923078125 0.20040760937500002 0.388221153125
0 0.294157609375 0.388221153125 0.3383152171875 0.388221153125 0.3491847828125 0.37139423125 0.35733695625 0.349759615625 0.359375 0.3329326921875 0.35733695625 0.28125 0.350543478125 0.265625 0.3444293484375 0.263221153125 0.341032609375 0.2512019234375 0.325067934375 0.25 0.3179347828125 0.24038461562500002 0.3179347828125 0.2391826921875 0.309782609375 0.25 0.290081521875 0.2512019234375 0.2826086953125 0.2584134609375 0.274456521875 0.283653846875 0.27173912968749997 0.3052884609375 0.27513587031250003 0.3485576921875 0.2853260875 0.3762019234375 0.294157609375 0.388221153125
0 0.1032608703125 0.388221153125 0.1501358703125 0.38701923125 0.1616847828125 0.3701923078125 0.1705163046875 0.341346153125 0.1705163046875 0.283653846875 0.1616847828125 0.263221153125 0.1508152171875 0.2512019234375 0.102581521875 0.25 0.08831521718749999 0.2704326921875 0.0822010875 0.3052884609375 0.0822010875 0.3293269234375 0.0862771734375 0.3545673078125 0.0930706515625 0.372596153125 0.1032608703125 0.388221153125
0 0.8376358703125 0.794471153125 0.8444293484375001 0.810096153125 0.8600543484375001 0.8221153843750001 0.8892663046875 0.82451923125 0.8960597828125 0.8209134609375001 0.9116847828125 0.790865384375 0.9157608703125 0.7668269234375 0.9157608703125 0.7415865390625 0.911005434375 0.716346153125 0.9035326093749999 0.700721153125 0.8872282609375001 0.6862980765625 0.8743206515624999 0.66826923125 0.8315217390624999 0.66826923125 0.8220108703125 0.6826923078125 0.8247282609375001 0.7548076921875 0.8294836953125 0.775240384375 0.8369565218749999 0.78125 0.8376358703125 0.794471153125
0 0.6657608703125 0.8221153843750001 0.68546195625 0.8233173078125 0.7024456515625 0.8173076921875 0.7092391296875 0.80889423125 0.7105978265624999 0.7980769234375 0.71671195625 0.796875 0.7221467390625 0.775240384375 0.72078804375 0.7668269234375 0.7289402171875 0.75360576875 0.7357336953125 0.787259615625 0.7513586953125 0.81610576875 0.772418478125 0.8233173078125 0.79483695625 0.8209134609375001 0.81046195625 0.8016826921875 0.8213315218749999 0.747596153125 0.8199728265624999 0.731971153125 0.8118206515624999 0.703125 0.794157609375 0.6730769234375 0.7805706515625 0.6670673078125 0.752717390625 0.665865384375 0.739130434375 0.6730769234375 0.7282608703125 0.700721153125 0.7282608703125 0.716346153125 0.7228260875 0.7199519234375 0.71671195625 0.700721153125 0.70108695625 0.6790865390625 0.68953804375 0.6766826921875 0.6773097828125 0.665865384375 0.6616847828125 0.665865384375 0.6508152171875 0.6730769234375 0.640625 0.693509615625 0.637907609375 0.7175480765625 0.6365489125 0.76201923125 0.640625 0.7896634609375 0.649456521875 0.810096153125 0.6657608703125 0.8221153843750001
2 0.6419836953125 0.388221153125 0.68953804375 0.38701923125 0.70108695625 0.368990384375 0.7085597828125 0.3449519234375 0.7085597828125 0.294471153125 0.696331521875 0.263221153125 0.682744565625 0.252403846875 0.6616847828125 0.24879807656250003 0.6413043484375 0.2548076921875 0.6263586953125 0.2764423078125 0.620244565625 0.306490384375 0.6195652171875 0.3269230765625 0.62296195625 0.353365384375 0.6290760875 0.3701923078125 0.6419836953125 0.388221153125
2 0.7506793484375 0.388221153125 0.7955163046875 0.388221153125 0.81046195625 0.365384615625 0.8179347828125 0.3389423078125 0.8186141296875 0.310096153125 0.8158967390624999 0.2920673078125 0.8043478265624999 0.263221153125 0.79483695625 0.25360576875 0.7717391296875 0.24879807656250003 0.7513586953125 0.25360576875 0.73641304375 0.2728365390625 0.7302989125 0.294471153125 0.7282608703125 0.328125 0.731657609375 0.3521634609375 0.7357336953125 0.365384615625 0.7506793484375 0.388221153125
2 0.901494565625 0.38701923125 0.9116847828125 0.3701923078125 0.9205163046875 0.3389423078125 0.9205163046875 0.3076923078125 0.9157608703125 0.278846153125 0.90421195625 0.2572115390625 0.8940217390624999 0.25 0.8709239125 0.24879807656250003 0.8532608703125 0.2548076921875 0.8376358703125 0.278846153125 0.8322010875 0.306490384375 0.8315217390624999 0.325721153125 0.8355978265624999 0.356971153125 0.8512228265624999 0.388221153125 0.901494565625 0.38701923125
2 0.5407608703125 0.388221153125 0.573369565625 0.3894230765625 0.5876358703125 0.384615384375 0.5991847828125 0.36298076875 0.6059782609375 0.341346153125 0.606657609375 0.3173076921875 0.6032608703125 0.2920673078125 0.596467390625 0.2704326921875 0.584918478125 0.2548076921875 0.5434782609375 0.2512019234375 0.526494565625 0.275240384375 0.520380434375 0.302884615625 0.520380434375 0.334134615625 0.524456521875 0.3581730765625 0.52921195625 0.372596153125 0.5407608703125 0.388221153125
2 0.350543478125 0.5709134609375 0.3648097828125 0.546875 0.370244565625 0.525240384375 0.3709239125 0.4987980765625 0.3648097828125 0.46394230781249995 0.3559782609375 0.44831730781249995 0.34171195625 0.4387019234375 0.31453804375 0.4387019234375 0.301630434375 0.447115384375 0.292119565625 0.46634615312500005 0.286005434375 0.4927884609375 0.2853260875 0.5204326921875 0.290081521875 0.54326923125 0.30638587031250003 0.572115384375 0.350543478125 0.5709134609375
2 0.1216032609375 0.572115384375 0.16100543437499998 0.572115384375 0.1779891296875 0.546875 0.1841032609375 0.525240384375 0.1834239125 0.48076923125000004 0.17391304375 0.4543269234375 0.1616847828125 0.44230769218750005 0.13586956562500002 0.43990384687499995 0.118206521875 0.4447115390625 0.10461956562500001 0.46634615312500005 0.09918478281250001 0.4927884609375 0.098505434375 0.5168269234375 0.10122282656249999 0.5360576921875 0.11005434843749999 0.55889423125 0.1216032609375 0.572115384375
0 0.665081521875 0.8221153843750001 0.6929347828125 0.8233173078125 0.7024456515625 0.8185096156249999 0.71671195625 0.796875 0.7228260875 0.7740384609375 0.727581521875 0.7391826921875 0.71875 0.7175480765625 0.71671195625 0.703125 0.709918478125 0.6923076921875 0.6997282609375 0.68389423125 0.678668478125 0.681490384375 0.6569293484375 0.6862980765625 0.643342390625 0.703125 0.6372282609375 0.740384615625 0.6372282609375 0.7704326921875 0.640625 0.7896634609375 0.6508152171875 0.8112980765625 0.665081521875 0.8221153843750001
0 0.5665760875 0.8209134609375001 0.600543478125 0.8185096156249999 0.6134510875 0.8040865390624999 0.62296195625 0.778846153125 0.622282609375 0.71875 0.6154891296875 0.703125 0.609375 0.703125 0.604619565625 0.6923076921875 0.5923913046875 0.6887019234375 0.5638586953125 0.6923076921875 0.5611413046875 0.7019230765625 0.5563858703125 0.7019230765625 0.5482336953125 0.716346153125 0.544157609375 0.7427884609375 0.544157609375 0.775240384375 0.546875 0.794471153125 0.5523097828125 0.8076923078125 0.5665760875 0.8209134609375001
0 0.745244565625 0.810096153125 0.760869565625 0.8221153843750001 0.7887228265624999 0.8233173078125 0.8002717390624999 0.8173076921875 0.81046195625 0.8016826921875 0.8199728265624999 0.7584134609375 0.8274456515624999 0.759615384375 0.828125 0.7704326921875 0.8430706515624999 0.810096153125 0.8525815218749999 0.8197115390624999 0.8675271734375001 0.825721153125 0.88858695625 0.825721153125 0.8967391296875 0.8209134609375001 0.9116847828125 0.79326923125 0.9150815218749999 0.77764423125 0.9150815218749999 0.734375 0.9123641296875 0.7199519234375 0.9028532609375001 0.69951923125 0.8892663046875 0.6875 0.8627717390624999 0.685096153125 0.8539402171875 0.6790865390625 0.8505434781250001 0.669471153125 0.8315217390624999 0.669471153125 0.8220108703125 0.68389423125 0.8206521734375001 0.709134615625 0.8138586953125 0.7139423078125 0.8111413046875 0.7043269234375 0.8036684781250001 0.6947115390625 0.7846467390625 0.681490384375 0.78328804375 0.671875 0.7853260875 0.669471153125 0.7826086953125 0.66826923125 0.7486413046875 0.66826923125 0.7350543484375 0.6826923078125 0.7282608703125 0.703125 0.7309782609375 0.7271634609375 0.7289402171875 0.7415865390625 0.7350543484375 0.7860576921875 0.745244565625 0.810096153125
1 0.5475543484375 0.5228365390625 0.5523097828125 0.5420673078125 0.56453804375 0.5612980765625 0.5944293484375 0.5733173078125 0.65828804375 0.5733173078125 0.70108695625 0.55048076875 0.734375 0.57451923125 0.8682065218749999 0.57451923125 0.8831521734375001 0.564903846875 0.91983695625 0.5625 0.9259510875 0.5552884609375 0.9279891296875 0.5456730765625 0.9279891296875 0.540865384375 0.921875 0.5324519234375 0.895380434375 0.5084134609375 0.8777173906250001 0.474759615625 0.8688858703125 0.46514423125000004 0.8451086953125 0.4519230765625 0.81046195625 0.44230769218750005 0.7377717390625 0.42668269218750005 0.6929347828125 0.43509615312500005 0.68546195625 0.4387019234375 0.682744565625 0.45072115312500005 0.6881793484375 0.46634615312500005 0.6970108703125 0.47355769218750005 0.6908967390625 0.4855769234375 0.6311141296875 0.5 0.6039402171875 0.493990384375 0.5584239125 0.46394230781249995 0.542119565625 0.4375 0.5373641296875 0.4375 0.5305706515625 0.44951923125000004 0.52921195625 0.46634615312500005 0.5455163046875 0.49759615312500005 0.5482336953125 0.509615384375 0.5475543484375 0.5228365390625
1 0.5169836953125 0.810096153125 0.542119565625 0.8064903843750001 0.546875 0.8016826921875 0.5427989125 0.78485576875 0.5427989125 0.736778846875 0.5509510875 0.70673076875 0.5686141296875 0.6887019234375 0.5835597828125 0.68389423125 0.5923913046875 0.6862980765625 0.59578804375 0.693509615625 0.5978260875 0.689903846875 0.60733695625 0.69110576875 0.6195652171875 0.7043269234375 0.62703804375 0.705528846875 0.6345108703125 0.6875 0.6413043484375 0.64423076875 0.6508152171875 0.6201923078125 0.65828804375 0.6105769234375 0.635869565625 0.606971153125 0.6188858703125 0.6322115390625 0.5903532609375 0.634615384375 0.56046195625 0.65625 0.504755434375 0.71514423125 0.48505434843749995 0.7451923078125 0.4789402171875 0.763221153125 0.4769021734375 0.7740384609375 0.4782608703125 0.794471153125 0.5033967390625 0.794471153125 0.5169836953125 0.810096153125
2 0.633831521875 0 0.62703804375 0.01923076875 0.6243206515625 0.0384615390625 0.62296195625 0.060096153124999996 0.6256793484375 0.06850961562499999 0.71875 0.06850961562499999 0.7221467390625 0.061298076562500005 0.7201086953125 0.030048076562499998 0.711956521875 0 0.633831521875 0
2 0.8512228265624999 0 0.8410326093749999 0.040865384375 0.8403532609375001 0.060096153124999996 0.8430706515624999 0.06850961562499999 0.9375 0.06610576875 0.9368206515624999 0.03125 0.9293478265624999 0 0.8512228265624999 0
2 0.7445652171875 0 0.7350543484375 0.036057692187500004 0.7357336953125 0.06850961562499999 0.8267663046875 0.06850961562499999 0.8288043484375001 0.0637019234375 0.8267663046875 0.021634615625 0.8192934781250001 0 0.7445652171875 0
2 0.5258152171875 0 0.5169836953125 0.030048076562499998 0.515625 0.044471153125 0.5149456515625 0.0637019234375 0.5197010875 0.06850961562499999 0.604619565625 0.06850961562499999 0.60733695625 0.0673076921875 0.6086956515625 0.057692307812499996 0.60733695625 0.02764423125 0.5978260875 0 0.5258152171875 0
2 0.4144021734375 0.8233173078125 0.43410326093749996 0.8209134609375001 0.44972826093749996 0.8052884609375001 0.4585597828125 0.7824519234375 0.4612771734375 0.759615384375 0.4585597828125 0.716346153125 0.450407609375 0.689903846875 0.43546195625 0.665865384375 0.403532609375 0.6646634609375 0.39266304375 0.6730769234375 0.387907609375 0.6826923078125 0.3865489125 0.697115384375 0.38247282656250003 0.703125 0.375 0.7355769234375 0.3756793484375 0.77764423125 0.390625 0.8112980765625 0.4001358703125 0.8197115390624999 0.4144021734375 0.8233173078125
2 0.10869565156250001 0.8221153843750001 0.13247282656249998 0.8233173078125 0.1460597828125 0.8185096156249999 0.15421195625 0.810096153125 0.16983695625 0.7764423078125 0.1705163046875 0.71875 0.16711956562500002 0.7175480765625 0.1528532609375 0.6887019234375 0.10733695624999999 0.6875 0.0923913046875 0.705528846875 0.082880434375 0.736778846875 0.0822010875 0.76923076875 0.08831521718749999 0.796875 0.09578804375 0.8112980765625 0.10869565156250001 0.8221153843750001
0 0.7289402171875 0.9951923078125 0.7350543484375 0.9987980765625 0.8274456515624999 0.9987980765625 0.8288043484375001 0.9939903843750001 0.8274456515624999 0.9831730765625 0.8165760875 0.9543269234375 0.8158967390624999 0.935096153125 0.8111413046875 0.9158653843750001 0.8023097828125 0.9074519234375 0.6413043484375 0.90625 0.6311141296875 0.9134615390624999 0.62703804375 0.94110576875 0.6283967390625 0.9747596156249999 0.635869565625 0.9987980765625 0.725543478125 0.9987980765625 0.7289402171875 0.9951923078125
0 0.362092390625 0.984375 0.3648097828125 0.981971153125 0.366168478125 0.9326923078125 0.35733695625 0.908653846875 0.290081521875 0.9074519234375 0.2826086953125 0.9146634609375001 0.2798913046875 0.9302884609375001 0.272418478125 0.9927884609375001 0.27377717343749997 0.9987980765625 0.3607336953125 0.9987980765625 0.362092390625 0.984375
0 0.46671195625 0.9939903843750001 0.46535326093749996 0.9735576921875 0.459918478125 0.9579326921875 0.459918478125 0.9302884609375001 0.45176630468749995 0.9074519234375 0.385869565625 0.9074519234375 0.3790760875 0.9134615390624999 0.3743206515625 0.9326923078125 0.3743206515625 0.9927884609375001 0.37703804375 0.9987980765625 0.46535326093749996 0.9987980765625 0.46671195625 0.9939903843750001
0 0.606657609375 0.90985576875 0.540081521875 0.90625 0.533967390625 0.9122596156249999 0.5319293484375 0.9314903843750001 0.5326086953125 0.9987980765625 0.6175271734375001 0.9987980765625 0.6148097828125 0.935096153125 0.606657609375 0.90985576875
0 0.8566576093749999 0.9699519234375 0.854619565625 0.9855769234375 0.8451086953125 0.986778846875 0.8451086953125 0.9951923078125 0.8519021734375001 0.9987980765625 0.9286684781250001 0.9987980765625 0.9279891296875 0.9795673078125 0.91983695625 0.9543269234375 0.9103260875 0.9435096156249999 0.90421195625 0.9158653843750001 0.9001358703125 0.9122596156249999 0.8444293484375001 0.9110576921875 0.8403532609375001 0.9230769234375 0.8396739125 0.9314903843750001 0.8444293484375001 0.950721153125 0.8498641296875 0.94951923125 0.8566576093749999 0.9699519234375
2 0.3091032609375 0.8233173078125 0.33763587031250003 0.8209134609375001 0.3491847828125 0.810096153125 0.36141304375 0.778846153125 0.36888587031250003 0.7391826921875 0.36548912968749997 0.6959134609375 0.35733695625 0.674278846875 0.34986412968749997 0.665865384375 0.31046195625 0.665865384375 0.30298912968749997 0.6730769234375 0.2853260875 0.70673076875 0.2771739125 0.743990384375 0.2778532609375 0.7764423078125 0.2826086953125 0.79326923125 0.294157609375 0.814903846875 0.3091032609375 0.8233173078125
2 0.2065217390625 0.8221153843750001 0.23165760937500002 0.8233173078125 0.24388587031250003 0.8185096156249999 0.25611412968749997 0.8040865390624999 0.2690217390625 0.76923076875 0.2690217390625 0.7355769234375 0.2649456515625 0.7175480765625 0.25611412968749997 0.6983173078125 0.24524456562500002 0.6862980765625 0.2180706515625 0.6826923078125 0.20516304375 0.6862980765625 0.1868206515625 0.7139423078125 0.1813858703125 0.7391826921875 0.1813858703125 0.775240384375 0.18546195625 0.79326923125 0.1970108703125 0.814903846875 0.2065217390625 0.8221153843750001
0 0.25203804375 0.9615384609375001 0.2418478265625 0.9459134609375001 0.227581521875 0.9387019234375 0.20108695625 0.9387019234375 0.190217390625 0.9447115390624999 0.180706521875 0.9591346156249999 0.1725543484375 0.984375 0.1711956515625 0.9987980765625 0.2601902171875 0.9987980765625 0.25815217343749997 0.9783653843750001 0.25203804375 0.9615384609375001
0 0.14809782656249998 0.9615384609375001 0.13858695625 0.9459134609375001 0.1263586953125 0.9375 0.1032608703125 0.9375 0.086956521875 0.9447115390624999 0.07540760937499999 0.9627403843750001 0.06793478281250001 0.9855769234375 0.067255434375 0.9987980765625 0.1555706515625 0.9987980765625 0.15625 0.9951923078125 0.14809782656249998 0.9615384609375001