1 0.2927989125 0.43990384687499995 0.3247282609375 0.41706730781249995 0.354619565625 0.3822115390625 0.362092390625 0.365384615625 0.36888587031250003 0.33173076875 0.390625 0.306490384375 0.3960597828125 0.287259615625 0.381793478125 0.2728365390625 0.37296195625 0.275240384375 0.3607336953125 0.30048076875 0.3491847828125 0.3112980765625 0.32608695625 0.3209134609375 0.278532609375 0.3581730765625 0.2173913046875 0.390625 0.1915760875 0.415865384375 0.1929347828125 0.44230769218750005 0.20788043437499998 0.453125 0.262907609375 0.4519230765625 0.2927989125 0.43990384687499995
1 0.40964673906250004 0.4290865390625 0.42255434843749995 0.40865384687499995 0.4449728265625 0.3894230765625 0.47078804375 0.375 0.49864130468749995 0.3665865390625 0.51358695625 0.3665865390625 0.51766304375 0.37139423125 0.5326086953125 0.3737980765625 0.5278532609375 0.337740384375 0.53125 0.325721153125 0.5414402171875 0.30889423125 0.553668478125 0.2980769234375 0.5455163046875 0.2824519234375 0.538043478125 0.278846153125 0.51766304375 0.30048076875 0.495244565625 0.2896634609375 0.448369565625 0.299278846875 0.43546195625 0.283653846875 0.430706521875 0.2860576921875 0.411005434375 0.3016826921875 0.3763586953125 0.3485576921875 0.3627717390625 0.377403846875 0.356657609375 0.40144230781249995 0.3539402171875 0.42668269218750005 0.352581521875 0.4543269234375 0.38315217343749997 0.4519230765625 0.40557065156250005 0.44230769218750005 0.40964673906250004 0.4290865390625
1 0.7282608703125 0.4230769234375 0.7398097828125 0.44230769218750005 0.7513586953125 0.4519230765625 0.8267663046875 0.4519230765625 0.84375 0.443509615625 0.8654891296875 0.41947115312500005 0.8648097828125 0.400240384375 0.8451086953125 0.3834134609375 0.794157609375 0.375 0.7649456515625 0.353365384375 0.752717390625 0.337740384375 0.7425271734375001 0.314903846875 0.73641304375 0.28485576875 0.73641304375 0.2704326921875 0.7330163046875 0.265625 0.7248641296875 0.2668269234375 0.71671195625 0.28125 0.723505434375 0.3365384609375 0.7201086953125 0.3978365390625 0.7282608703125 0.4230769234375
0 0.18953804375 0.24038461562500002 0.2486413046875 0.2391826921875 0.262907609375 0.216346153125 0.268342390625 0.18389423124999998 0.26766304375 0.150240384375 0.262907609375 0.12860576875000002 0.2513586953125 0.1105769234375 0.2398097828125 0.10576923125 0.190217390625 0.10456730781250001 0.1820652171875 0.11298076875 0.17391304375 0.131009615625 0.16983695625 0.15985576875000002 0.16983695625 0.18389423124999998 0.17391304375 0.2115384609375 0.1813858703125 0.23076923124999998 0.18953804375 0.24038461562500002
0 0.19497282656249998 0.6706730765625 0.2418478265625 0.669471153125 0.254755434375 0.65264423125 0.26358695625 0.6237980765625 0.265625 0.606971153125 0.26358695625 0.568509615625 0.2554347828125 0.5480769234375 0.23845108750000002 0.5324519234375 0.2241847828125 0.5264423078125 0.20720108750000002 0.5264423078125 0.19225543437499998 0.5324519234375 0.1779891296875 0.5540865390625 0.1725543484375 0.578125 0.171875 0.6009615390625 0.1752717390625 0.6298076921875 0.18274456562500002 0.65264423125 0.19497282656249998 0.6706730765625
0 0.1908967390625 0.90264423125 0.21467391249999998 0.9050480765625 0.2336956515625 0.9014423078125 0.24796195625 0.87860576875 0.25611412968749997 0.8485576921875 0.25747282656250003 0.8197115390624999 0.2540760875 0.794471153125 0.24388587031250003 0.7704326921875 0.23233695625 0.76201923125 0.21399456562500002 0.756009615625 0.1888586953125 0.759615384375 0.1732336953125 0.78125 0.1657608703125 0.814903846875 0.1657608703125 0.8449519234375 0.1711956515625 0.872596153125 0.1813858703125 0.89423076875 0.1908967390625 0.90264423125
0 0.3451086953125 0.90264423125 0.356657609375 0.8858173078125 0.366168478125 0.8521634609375001 0.36752717343749997 0.828125 0.3648097828125 0.80048076875 0.356657609375 0.7800480765625 0.3423913046875 0.7668269234375 0.29483695625 0.768028846875 0.2805706515625 0.783653846875 0.27309782656250003 0.8137019234375 0.274456521875 0.8533653843750001 0.2826086953125 0.8834134609375001 0.29483695625 0.903846153125 0.3451086953125 0.90264423125
0 0.354619565625 0.2391826921875 0.362092390625 0.22836538437499998 0.372282609375 0.197115384375 0.37296195625 0.1490384609375 0.36752717343749997 0.127403846875 0.3552989125 0.109375 0.338654890625 0.109375 0.32608695625 0.10216346093749999 0.3111413046875 0.109375 0.29891304375 0.109375 0.2866847828125 0.1298076921875 0.2819293484375 0.1490384609375 0.2826086953125 0.19951923124999998 0.2927989125 0.2295673078125 0.3002717390625 0.24038461562500002 0.354619565625 0.2391826921875
0 0.42255434843749995 0.9050480765625 0.466032609375 0.9074519234375 0.4748641296875 0.903846153125 0.48641304375 0.88701923125 0.497282609375 0.8497596156249999 0.49796195625 0.8173076921875 0.4938858703125 0.794471153125 0.484375 0.7740384609375 0.47010869531250005 0.763221153125 0.45244565156250005 0.759615384375 0.42323369531250005 0.763221153125 0.408967390625 0.7824519234375 0.4008152171875 0.8125 0.4001358703125 0.8449519234375 0.40489130468749995 0.872596153125 0.411005434375 0.8894230765625 0.42255434843749995 0.9050480765625
2 0.70108695625 0.6670673078125 0.7085597828125 0.669471153125 0.73233695625 0.6706730765625 0.74796195625 0.662259615625 0.76358695625 0.638221153125 0.7737771734375001 0.591346153125 0.7717391296875 0.572115384375 0.76358695625 0.540865384375 0.74796195625 0.5144230765625 0.7309782609375 0.50360576875 0.7126358703125 0.502403846875 0.6956521734375001 0.513221153125 0.680706521875 0.5384615390625 0.6732336953125 0.568509615625 0.6732336953125 0.6021634609375 0.6813858703125 0.638221153125 0.6881793484375 0.653846153125 0.70108695625 0.6670673078125
2 0.8002717390624999 0.662259615625 0.8125 0.669471153125 0.84171195625 0.66826923125 0.859375 0.653846153125 0.8736413046875 0.622596153125 0.87703804375 0.58173076875 0.87296195625 0.5540865390625 0.8566576093749999 0.5228365390625 0.84171195625 0.5084134609375 0.8158967390624999 0.5072115390625 0.8002717390624999 0.5168269234375 0.7894021734375001 0.5324519234375 0.78125 0.552884615625 0.776494565625 0.5829326921875 0.7805706515625 0.622596153125 0.7914402171875 0.6514423078125 0.8002717390624999 0.662259615625
2 0.6936141296875 0.90625 0.7269021734375001 0.9074519234375 0.737092390625 0.903846153125 0.7554347828125 0.877403846875 0.7642663046875 0.846153846875 0.7642663046875 0.81610576875 0.7574728265624999 0.787259615625 0.74796195625 0.7668269234375 0.7302989125 0.75360576875 0.70516304375 0.7512019234375 0.6881793484375 0.759615384375 0.6732336953125 0.778846153125 0.6644021734375001 0.8125 0.6637228265624999 0.841346153125 0.6677989125 0.8641826921875 0.6813858703125 0.8954326921875 0.6936141296875 0.90625
2 0.8063858703125 0.9050480765625 0.8410326093749999 0.9074519234375 0.8519021734375001 0.90264423125 0.8675271734375001 0.8834134609375001 0.8756793484375001 0.8497596156249999 0.8763586953125 0.83173076875 0.8722826093749999 0.796875 0.85733695625 0.7668269234375 0.8383152171875 0.75360576875 0.8138586953125 0.75360576875 0.799592390625 0.76201923125 0.78328804375 0.7860576921875 0.7778532609375 0.814903846875 0.7771739125 0.8353365390624999 0.78328804375 0.8701923078125 0.7914402171875 0.888221153125 0.8063858703125 0.9050480765625
2 0.74796195625 0.24038461562500002 0.756793478125 0.2259615390625 0.7642663046875 0.20192307656250003 0.765625 0.171875 0.762907609375 0.140625 0.7486413046875 0.109375 0.7336956515625 0.0949519234375 0.7044836953125 0.09375 0.6888586953125 0.10336538437500001 0.67391304375 0.12860576875000002 0.6677989125 0.153846153125 0.6677989125 0.1923076921875 0.674592390625 0.2235576921875 0.6834239125 0.24038461562500002 0.74796195625 0.24038461562500002
2 0.5618206515625 0.903846153125 0.60733695625 0.903846153125 0.622282609375 0.8846153843750001 0.6331521734375001 0.8497596156249999 0.633831521875 0.8185096156249999 0.6304347828125 0.799278846875 0.618206521875 0.771634615625 0.600543478125 0.7584134609375 0.571331521875 0.7572115390625 0.5523097828125 0.76923076875 0.5387228265624999 0.799278846875 0.536005434375 0.81610576875 0.5353260875 0.8377403843750001 0.5394021734375001 0.8653846156249999 0.5509510875 0.893028846875 0.5618206515625 0.903846153125
2 0.8552989125 0.24038461562500002 0.8675271734375001 0.216346153125 0.8722826093749999 0.197115384375 0.8716032609375001 0.153846153125 0.8661684781250001 0.1334134609375 0.8539402171875 0.109375 0.8362771734375001 0.096153846875 0.8131793484375001 0.0949519234375 0.79891304375 0.10336538437500001 0.783967390625 0.1262019234375 0.7758152171875 0.1610576921875 0.7751358703125 0.1790865390625 0.77921195625 0.2115384609375 0.792119565625 0.24038461562500002 0.8552989125 0.24038461562500002
2 0.5991847828125 0.650240384375 0.602581521875 0.653846153125 0.62296195625 0.653846153125 0.6256793484375 0.6334134609375 0.6576086953125 0.631009615625 0.6644021734375001 0.60576923125 0.665081521875 0.5829326921875 0.6616847828125 0.55889423125 0.645380434375 0.5240384609375 0.6311141296875 0.5108173078125 0.606657609375 0.5084134609375 0.59375 0.5168269234375 0.5794836953125 0.537259615625 0.5706521734375001 0.5709134609375 0.5720108703125 0.6141826921875 0.578125 0.638221153125 0.591032609375 0.6574519234375 0.5991847828125 0.650240384375
2 0.4177989125 0.23557692343749997 0.42051630468749995 0.2391826921875 0.47214673906250004 0.2391826921875 0.4782608703125 0.23557692343749997 0.4898097828125 0.2139423078125 0.4938858703125 0.1887019234375 0.493206521875 0.162259615625 0.489130434375 0.143028846875 0.481657609375 0.1262019234375 0.46807065156250005 0.1105769234375 0.4273097828125 0.1105769234375 0.4116847828125 0.1322115390625 0.40421195625 0.1610576921875 0.40421195625 0.1947115390625 0.40760869531250005 0.2103365390625 0.41847826093749996 0.22836538437499998 0.4177989125 0.23557692343749997
2 0.758831521875 0 0.758831521875 0.0036057687499999997 0.7697010875 0.0384615390625 0.8152173906250001 0.042067307812499996 0.8423913046875 0.0384615390625 0.848505434375 0.025240384375 0.8532608703125 0 0.758831521875 0
2 0.7241847828125 0.0396634609375 0.7330163046875 0.02764423125 0.739130434375 0 0.6480978265624999 0.0012019234375 0.65421195625 0.025240384375 0.661005434375 0.0384615390625 0.7241847828125 0.0396634609375
2 0.59578804375 0.0396634609375 0.606657609375 0.0384615390625 0.6148097828125 0.0228365390625 0.6195652171875 0 0.5305706515625 0.0012019234375 0.538043478125 0.0264423078125 0.5455163046875 0.0384615390625 0.59578804375 0.0396634609375
2 0.48233695625 0.0324519234375 0.481657609375 0.0264423078125 0.4884510875 0.0168269234375 0.491168478125 0 0.403532609375 0.002403846875 0.419157609375 0.0384615390625 0.4728260875 0.0384615390625 0.48233695625 0.0324519234375
2 0.7248641296875 0.41706730781249995 0.747282609375 0.45072115312500005 0.82608695625 0.4519230765625 0.8410326093749999 0.4459134609375 0.8654891296875 0.41826923125000004 0.8654891296875 0.4074519234375 0.859375 0.396634615625 0.84171195625 0.3822115390625 0.7907608703125 0.375 0.76766304375 0.3581730765625 0.754755434375 0.3425480765625 0.745244565625 0.3233173078125 0.737092390625 0.296875 0.734375 0.2668269234375 0.7228260875 0.2668269234375 0.71875 0.2728365390625 0.7180706515625 0.2896634609375 0.7228260875 0.3329326921875 0.72078804375 0.40384615312500005 0.7248641296875 0.41706730781249995
0 0.301630434375 0.6670673078125 0.348505434375 0.665865384375 0.36548912968749997 0.640625 0.3736413046875 0.6201923078125 0.3736413046875 0.5853365390625 0.370244565625 0.5612980765625 0.36141304375 0.5384615390625 0.3491847828125 0.5240384609375 0.3240489125 0.525240384375 0.321331521875 0.5204326921875 0.3131793484375 0.52764423125 0.2927989125 0.5324519234375 0.2826086953125 0.549278846875 0.2771739125 0.5733173078125 0.276494565625 0.599759615625 0.28125 0.6298076921875 0.2866847828125 0.6454326921875 0.301630434375 0.6670673078125
0 0.40421195625 0.669471153125 0.4300271734375 0.6706730765625 0.45108695625 0.665865384375 0.4626358703125 0.6478365390625 0.46875 0.631009615625 0.4748641296875 0.591346153125 0.4741847828125 0.5709134609375 0.46807065156250005 0.544471153125 0.4585597828125 0.528846153125 0.444293478125 0.51923076875 0.4144021734375 0.518028846875 0.397418478125 0.5240384609375 0.385869565625 0.540865384375 0.3783967390625 0.568509615625 0.37703804375 0.596153846875 0.38111412968749997 0.6262019234375 0.3892663046875 0.650240384375 0.40421195625 0.669471153125
2 0 0.9795673078125 0.044157609375000004 0.98076923125 0.08831521718749999 0.9387019234375 0.08831521718749999 0.919471153125 0.082880434375 0.8954326921875 0.0720108703125 0.872596153125 0.0638586953125 0.8641826921875 0.057065217187499996 0.8605769234375 0.032608695312500005 0.861778846875 0.0061141296875 0.8762019234375 0 0.8822115390624999 0 0.9795673078125
2 0.0855978265625 0.9543269234375 0.0794836953125 0.953125 0.045516304687499995 0.9903846156249999 0.04483695625 0.9987980765625 0.07608695625 0.9987980765625 0.08355978281250001 0.981971153125 0.0855978265625 0.9543269234375
2 0 0.716346153125 0.018342390625 0.716346153125 0.0197010875 0.6862980765625 0.0033967390625 0.6862980765625 0 0.6875 0 0.716346153125
2 0 0.66826923125 0.035202445312500004 0.66826923125 0.0427989125 0.6887019234375 0.04483695625 0.7175480765625 0.061141304687499995 0.7079326921875 0.071331521875 0.693509615625 0.08084239062500001 0.662259615625 0.0774456515625 0.653846153125 0.0822010875 0.6490384609375 0.082880434375 0.62139423125 0.0767663046875 0.5865384609375 0.06793478281250001 0.56610576875 0.052989129687500004 0.55048076875 0.0346467390625 0.546875 0.012907609375 0.549278846875 0 0.5540865390625 0 0.66826923125
0 0 0.3894230765625 0.053668478124999995 0.388221153125 0.060461956250000004 0.384615384375 0.0720108703125 0.365384615625 0.08084239062500001 0.328125 0.0815217390625 0.290865384375 0.07269021718749999 0.25360576875 0.06453804375 0.234375 0.04891304375 0.2139423078125 0.0040760875000000005 0.21875 0 0.21995192343749997 0 0.3894230765625
2 0.9993206515624999 0.8545673078125 0.9830163046875 0.8545673078125 0.9714673906250001 0.861778846875 0.9558423906250001 0.88701923125 0.9476902171875 0.9170673078125 0.948369565625 0.939903846875 0.9782608703125 0.96514423125 0.9993206515624999 0.97235576875 0.9993206515624999 0.8545673078125
2 0.9993206515624999 0.3858173078125 0.9993206515624999 0.205528846875 0.9898097828125 0.2115384609375 0.9769021734375001 0.231971153125 0.9653532609375001 0.2668269234375 0.9633152171875 0.30889423125 0.9714673906250001 0.353365384375 0.989130434375 0.384615384375 0.9993206515624999 0.3858173078125