0 0.06521739062500001 0.955528846875 0.09103260937499999 0.953125 0.0978260875 0.9471153843750001 0.10733695624999999 0.9290865390624999 0.11073369531249999 0.8978365390624999 0.10869565156250001 0.8605769234375 0.10665760937499999 0.8521634609375001 0.09103260937499999 0.8341346156249999 0.0767663046875 0.8293269234375 0.0631793484375 0.83173076875 0.060461956250000004 0.8377403843750001 0.048233695312500005 0.8449519234375 0.0407608703125 0.861778846875 0.0366847828125 0.8810096156249999 0.036005434375 0.90264423125 0.0407608703125 0.9278846156249999 0.053668478124999995 0.950721153125 0.06521739062500001 0.955528846875
0 0.0638586953125 0.7584134609375 0.0944293484375 0.756009615625 0.10665760937499999 0.7427884609375 0.11413043437499999 0.71514423125 0.11413043437499999 0.681490384375 0.10733695624999999 0.65264423125 0.100543478125 0.6418269234375 0.0855978265625 0.63701923125 0.0591032609375 0.640625 0.048233695312500005 0.65625 0.0414402171875 0.6826923078125 0.0407608703125 0.7079326921875 0.045516304687499995 0.731971153125 0.052309782812500004 0.747596153125 0.0638586953125 0.7584134609375
0 0.1936141296875 0.5480769234375 0.22078804375 0.54326923125 0.23165760937500002 0.515625 0.234375 0.48798076874999996 0.2330163046875 0.4615384609375 0.22350543437499998 0.4387019234375 0.21603260937500002 0.43269230781249995 0.20040760937500002 0.427884615625 0.1976902171875 0.43269230781249995 0.1773097828125 0.43389423125000004 0.1657608703125 0.45072115312500005 0.1603260875 0.47115384687499995 0.16100543437499998 0.5108173078125 0.165081521875 0.52764423125 0.17391304375 0.544471153125 0.1936141296875 0.5480769234375
0 0.18002717343750002 0.756009615625 0.1908967390625 0.7584134609375 0.21603260937500002 0.75360576875 0.22282608750000002 0.743990384375 0.23165760937500002 0.712740384375 0.23165760937500002 0.6730769234375 0.22350543437499998 0.650240384375 0.21603260937500002 0.640625 0.190217390625 0.63701923125 0.1759510875 0.6418269234375 0.1657608703125 0.6574519234375 0.1603260875 0.681490384375 0.1596467390625 0.703125 0.163043478125 0.728365384375 0.1732336953125 0.75 0.18002717343750002 0.756009615625
0 0.10665760937499999 0.5384615390625 0.11480978281250001 0.5108173078125 0.11480978281250001 0.46875 0.10733695624999999 0.4447115390625 0.09918478281250001 0.4362980765625 0.0658967390625 0.43269230781249995 0.056385870312499996 0.4375 0.048233695312500005 0.44951923125000004 0.042119565625 0.47355769218750005 0.0427989125 0.51201923125 0.055706521875000005 0.544471153125 0.0998641296875 0.544471153125 0.10665760937499999 0.5384615390625
0 0.194293478125 0.9543269234375 0.21263587031250003 0.950721153125 0.2269021734375 0.9170673078125 0.2289402171875 0.8918269234375 0.22486412968749997 0.8605769234375 0.2180706515625 0.8449519234375 0.20923912968749997 0.8389423078125 0.1888586953125 0.8353365390624999 0.17391304375 0.841346153125 0.1657608703125 0.8509615390624999 0.1576086953125 0.877403846875 0.1576086953125 0.9134615390624999 0.163043478125 0.93389423125 0.1732336953125 0.9519230765625 0.194293478125 0.9543269234375
0 0.0638586953125 0.3353365390625 0.09646739062500001 0.334134615625 0.10665760937499999 0.3209134609375 0.11480978281250001 0.290865384375 0.11480978281250001 0.2668269234375 0.10665760937499999 0.236778846875 0.0896739125 0.2235576921875 0.0747282609375 0.221153846875 0.052989129687500004 0.23317307656250003 0.048233695312500005 0.2415865390625 0.0427989125 0.26923076875 0.042119565625 0.2884615390625 0.045516304687499995 0.310096153125 0.056385870312499996 0.3329326921875 0.0638586953125 0.3353365390625
0 0.10733695624999999 0.15985576875000002 0.11480978281250001 0.1334134609375 0.11480978281250001 0.096153846875 0.10733695624999999 0.07091346093749999 0.09918478281250001 0.0625 0.07540760937499999 0.05889423125 0.058423912499999994 0.0637019234375 0.04891304375 0.078125 0.04483695625 0.09975961562499999 0.04483695625 0.131009615625 0.055706521875000005 0.1634615390625 0.10394021718749999 0.1634615390625 0.10733695624999999 0.15985576875000002
0 0.21263587031250003 0.334134615625 0.22146739062499998 0.3209134609375 0.22826087031250003 0.299278846875 0.22961956562500002 0.275240384375 0.2262228265625 0.2512019234375 0.2173913046875 0.23317307656250003 0.209918478125 0.22836538437499998 0.18953804375 0.22475961562500002 0.174592390625 0.2295673078125 0.1657608703125 0.2415865390625 0.1596467390625 0.268028846875 0.1596467390625 0.290865384375 0.163043478125 0.30889423125 0.1759510875 0.334134615625 0.21263587031250003 0.334134615625
0 0.22078804375 0.1646634609375 0.23233695625 0.143028846875 0.2336956515625 0.0949519234375 0.2289402171875 0.0769230765625 0.22078804375 0.064903846875 0.2017663046875 0.060096153124999996 0.18002717343750002 0.0637019234375 0.1725543484375 0.07211538437500001 0.16372282656249998 0.09735576875 0.16372282656249998 0.131009615625 0.1684782609375 0.15264423124999998 0.17391304375 0.1634615390625 0.22078804375 0.1646634609375
0 0.84171195625 0.138221153125 0.8430706515624999 0.109375 0.8410326093749999 0.08774038437500001 0.82608695625 0.0625 0.7866847828125 0.0625 0.7758152171875 0.080528846875 0.7717391296875 0.09975961562499999 0.772418478125 0.138221153125 0.7846467390625 0.1634615390625 0.8315217390624999 0.162259615625 0.84171195625 0.138221153125
0 0.948369565625 0.15625 0.9524456515624999 0.146634615625 0.95516304375 0.12259615312500001 0.953125 0.080528846875 0.9436141296875 0.0637019234375 0.9279891296875 0.05889423125 0.9021739125 0.0625 0.8919836953125 0.075721153125 0.8865489125 0.09735576875 0.8851902171875 0.1298076921875 0.8947010875 0.162259615625 0.9388586953125 0.162259615625 0.948369565625 0.15625
0 0.3634510875 0.334134615625 0.372282609375 0.3209134609375 0.38111412968749997 0.290865384375 0.3790760875 0.26201923125 0.37296195625 0.2415865390625 0.366168478125 0.234375 0.348505434375 0.234375 0.3423913046875 0.2271634609375 0.3288043484375 0.22836538437499998 0.31997282656250003 0.236778846875 0.3131793484375 0.2584134609375 0.31453804375 0.302884615625 0.32201087031250003 0.3233173078125 0.3294836953125 0.334134615625 0.3634510875 0.334134615625
0 0.364130434375 0.1634615390625 0.37296195625 0.14423076875000002 0.375 0.0985576921875 0.37296195625 0.08653846093749999 0.36141304375 0.0673076921875 0.34375 0.061298076562500005 0.323369565625 0.0625 0.3138586953125 0.07451923125 0.3084239125 0.0985576921875 0.3091032609375 0.131009615625 0.3138586953125 0.15264423124999998 0.321331521875 0.1634615390625 0.364130434375 0.1634615390625
0 0.47214673906250004 0.1634615390625 0.48233695625 0.140625 0.484375 0.1237980765625 0.48301630468749995 0.09014423125 0.4789402171875 0.078125 0.46875 0.0637019234375 0.43682065156250005 0.0625 0.42323369531250005 0.0793269234375 0.42119565156250005 0.091346153125 0.42119565156250005 0.134615384375 0.424592390625 0.153846153125 0.4313858703125 0.1634615390625 0.47214673906250004 0.1634615390625
2 0.8315217390624999 0.162259615625 0.84171195625 0.1358173078125 0.8430706515624999 0.1105769234375 0.8410326093749999 0.08774038437500001 0.832880434375 0.06971153906250001 0.8247282609375001 0.061298076562500005 0.8029891296875 0.057692307812499996 0.7846467390625 0.0637019234375 0.7751358703125 0.08173076875 0.7710597828125 0.10456730781250001 0.772418478125 0.138221153125 0.7771739125 0.153846153125 0.783967390625 0.1634615390625 0.8315217390624999 0.162259615625
2 0.9096467390624999 0.9519230765625 0.93546195625 0.953125 0.9476902171875 0.9471153843750001 0.9585597828125 0.9290865390624999 0.9646739125 0.90264423125 0.963994565625 0.87860576875 0.9599184781250001 0.861778846875 0.95108695625 0.84375 0.93546195625 0.8293269234375 0.9116847828125 0.8293269234375 0.9021739125 0.8377403843750001 0.8919836953125 0.8533653843750001 0.8872282609375001 0.87860576875 0.885869565625 0.8990384609375001 0.89266304375 0.9314903843750001 0.9001358703125 0.9447115390624999 0.9096467390624999 0.9519230765625
2 0.7853260875 0.7572115390625 0.8063858703125 0.763221153125 0.8226902171875 0.7584134609375 0.8362771734375001 0.73798076875 0.8410326093749999 0.724759615625 0.8430706515624999 0.7079326921875 0.8410326093749999 0.67548076875 0.8308423906250001 0.6514423078125 0.8186141296875 0.638221153125 0.801630434375 0.634615384375 0.7853260875 0.6418269234375 0.774456521875 0.6574519234375 0.76766304375 0.6790865390625 0.7669836953125 0.7079326921875 0.7697010875 0.7295673078125 0.7730978265624999 0.740384615625 0.7853260875 0.7572115390625
2 0.9116847828125 0.759615384375 0.9341032609375001 0.759615384375 0.948369565625 0.7487980765625 0.9565217390624999 0.7331730765625 0.9612771734375001 0.71514423125 0.9619565218749999 0.69110576875 0.9565217390624999 0.6646634609375 0.948369565625 0.6490384609375 0.9341032609375001 0.6358173078125 0.9116847828125 0.634615384375 0.9021739125 0.6418269234375 0.8919836953125 0.6574519234375 0.8851902171875 0.68389423125 0.8845108703125 0.7079326921875 0.8899456515624999 0.731971153125 0.8980978265624999 0.747596153125 0.9116847828125 0.759615384375
2 0.9130434781250001 0.546875 0.9449728265624999 0.54326923125 0.9565217390624999 0.5240384609375 0.9633152171875 0.493990384375 0.9605978265624999 0.46394230781249995 0.953125 0.4459134609375 0.9476902171875 0.4375 0.9286684781250001 0.42548076874999996 0.9116847828125 0.42668269218750005 0.8987771734375001 0.4375 0.8919836953125 0.44951923125000004 0.8851902171875 0.47956730781249995 0.8845108703125 0.49759615312500005 0.8913043484375001 0.528846153125 0.9028532609375001 0.544471153125 0.9130434781250001 0.546875
2 0.8254076093749999 0.9519230765625 0.84171195625 0.92548076875 0.8444293484375001 0.903846153125 0.8430706515624999 0.8689903843750001 0.8410326093749999 0.8605769234375 0.8247282609375001 0.8341346156249999 0.8125 0.8293269234375 0.792119565625 0.8329326921875 0.7798913046875 0.8449519234375 0.7717391296875 0.8605769234375 0.7690217390625 0.8737980765625 0.768342390625 0.9014423078125 0.7717391296875 0.919471153125 0.7873641296875 0.950721153125 0.8254076093749999 0.9519230765625
2 0.8247282609375001 0.5456730765625 0.8369565218749999 0.52764423125 0.84171195625 0.513221153125 0.8430706515624999 0.4759615390625 0.8410326093749999 0.462740384375 0.832880434375 0.443509615625 0.8206521734375001 0.4290865390625 0.7982336953125 0.42548076874999996 0.7887228265624999 0.4302884609375 0.772418478125 0.4543269234375 0.76766304375 0.474759615625 0.7690217390625 0.513221153125 0.7730978265624999 0.528846153125 0.78328804375 0.544471153125 0.8247282609375001 0.5456730765625
2 0.82608695625 0.3329326921875 0.84171195625 0.3076923078125 0.8444293484375001 0.283653846875 0.84171195625 0.2512019234375 0.8342391296875 0.23557692343749997 0.8192934781250001 0.21995192343749997 0.7975543484375 0.21875 0.7866847828125 0.2259615390625 0.774456521875 0.24879807656250003 0.7710597828125 0.263221153125 0.7717391296875 0.30048076875 0.778532609375 0.3209134609375 0.786005434375 0.33173076875 0.82608695625 0.3329326921875
2 0.43885869531250005 0.544471153125 0.45448369531250005 0.5480769234375 0.481657609375 0.544471153125 0.4918478265625 0.5264423078125 0.497282609375 0.5012019234375 0.49660326093749996 0.478365384375 0.4904891296875 0.45552884687499995 0.481657609375 0.43990384687499995 0.46739130468749995 0.4302884609375 0.4585597828125 0.4290865390625 0.44089673906250004 0.4387019234375 0.4313858703125 0.45552884687499995 0.424592390625 0.48197115312500005 0.42527173906250004 0.513221153125 0.4293478265625 0.528846153125 0.43682065156250005 0.53485576875 0.43885869531250005 0.544471153125
2 0.4259510875 0.743990384375 0.43953804375 0.7572115390625 0.4605978265625 0.7584134609375 0.4741847828125 0.752403846875 0.481657609375 0.740384615625 0.4898097828125 0.7115384609375 0.4898097828125 0.6862980765625 0.48233695625 0.6574519234375 0.46671195625 0.640625 0.43817934843749995 0.6418269234375 0.42391304375 0.658653846875 0.41983695625 0.6887019234375 0.42119565156250005 0.7079326921875 0.419157609375 0.72235576875 0.42119565156250005 0.731971153125 0.4259510875 0.743990384375
2 0.9436141296875 0.33173076875 0.953125 0.3173076921875 0.9599184781250001 0.2920673078125 0.9592391296875 0.2668269234375 0.953125 0.2427884609375 0.9313858703125 0.21995192343749997 0.9144021734375001 0.21995192343749997 0.8960597828125 0.23557692343749997 0.885869565625 0.271634615625 0.885869565625 0.2956730765625 0.8919836953125 0.3197115390625 0.9055706515624999 0.334134615625 0.9436141296875 0.33173076875
2 0.5559327453125 0.5300480765625 0.5631793484375 0.5456730765625 0.5794836953125 0.546875 0.5971467390625 0.544471153125 0.60733695625 0.528846153125 0.6134510875 0.493990384375 0.6127717390625 0.484375 0.60733695625 0.4543269234375 0.5991847828125 0.4387019234375 0.5822010875 0.427884615625 0.567255434375 0.4302884609375 0.5523097828125 0.44230769218750005 0.5455163046875 0.4615384609375 0.5461956515625 0.4855769234375 0.542119565625 0.5048076921875 0.546875 0.528846153125 0.5559327453125 0.5300480765625
2 0.5944293484375 0.3329326921875 0.606657609375 0.3173076921875 0.6134510875 0.29326923125 0.6148097828125 0.275240384375 0.606657609375 0.236778846875 0.591032609375 0.22235576875000002 0.57608695625 0.21995192343749997 0.56453804375 0.2259615390625 0.5523097828125 0.2427884609375 0.546875 0.263221153125 0.5482336953125 0.3052884609375 0.5563858703125 0.325721153125 0.5638586953125 0.3329326921875 0.5944293484375 0.3329326921875
2 0.6603260875 0.3329326921875 0.6881793484375 0.3329326921875 0.6976902171875 0.3233173078125 0.7024456515625 0.310096153125 0.7024456515625 0.2980769234375 0.7085597828125 0.290865384375 0.7085597828125 0.2740384609375 0.7038043484375 0.26923076875 0.70108695625 0.2584134609375 0.7017663046875 0.23557692343749997 0.68546195625 0.221153846875 0.669157609375 0.21995192343749997 0.6596467390625 0.22475961562500002 0.6501358703125 0.23557692343749997 0.6419836953125 0.256009615625 0.6399456515625 0.2800480765625 0.64266304375 0.302884615625 0.6521739125 0.325721153125 0.6603260875 0.3329326921875
2 0.70108695625 0.162259615625 0.7085597828125 0.150240384375 0.71671195625 0.12259615312500001 0.716032609375 0.10216346093749999 0.7038043484375 0.08173076875 0.70108695625 0.0673076921875 0.6861413046875 0.05889423125 0.6759510875 0.057692307812499996 0.6616847828125 0.0637019234375 0.651494565625 0.0793269234375 0.6460597828125 0.09735576875 0.6460597828125 0.138221153125 0.6501358703125 0.15264423124999998 0.6576086953125 0.1634615390625 0.70108695625 0.162259615625
2 0.9436141296875 0.162259615625 0.9544836953125 0.143028846875 0.957880434375 0.12019230781250001 0.9572010875 0.10216346093749999 0.953125 0.0793269234375 0.9429347828125 0.0625 0.9205163046875 0.056490384375 0.901494565625 0.0625 0.8919836953125 0.0769230765625 0.8865489125 0.0985576921875 0.8851902171875 0.11538461562499999 0.8879076093749999 0.1454326921875 0.8974184781250001 0.162259615625 0.9436141296875 0.162259615625
0 0.47010869531250005 0.3329326921875 0.48369565156250005 0.3076923078125 0.48505434843749995 0.28125 0.481657609375 0.2512019234375 0.47078804375 0.23798076875000002 0.43885869531250005 0.23557692343749997 0.43682065156250005 0.24399038437499998 0.424592390625 0.2512019234375 0.42255434843749995 0.259615384375 0.42323369531250005 0.3112980765625 0.4293478265625 0.325721153125 0.43817934843749995 0.334134615625 0.47010869531250005 0.3329326921875
1 0.5951086953125 0.7608173078125 0.6080163046875 0.756009615625 0.620244565625 0.734375 0.6283967390625 0.734375 0.653532609375 0.771634615625 0.6732336953125 0.77764423125 0.6929347828125 0.7740384609375 0.6997282609375 0.76201923125 0.696331521875 0.743990384375 0.7038043484375 0.73798076875 0.7228260875 0.73798076875 0.7289402171875 0.7271634609375 0.727581521875 0.712740384375 0.7173913046875 0.6923076921875 0.68953804375 0.662259615625 0.6419836953125 0.578125 0.5991847828125 0.5793269234375 0.5971467390625 0.596153846875 0.5876358703125 0.6165865390625 0.5686141296875 0.6322115390625 0.5618206515625 0.643028846875 0.5366847828125 0.700721153125 0.5319293484375 0.721153846875 0.5305706515625 0.747596153125 0.538043478125 0.7644230765625 0.588994565625 0.771634615625 0.5951086953125 0.7608173078125
1 0.5618206515625 0.950721153125 0.586956521875 0.955528846875 0.59171195625 0.939903846875 0.5930706515625 0.903846153125 0.6019021734375001 0.890625 0.6100543484375 0.9170673078125 0.6256793484375 0.9483173078125 0.6487771734375001 0.9747596156249999 0.6616847828125 0.981971153125 0.684782609375 0.9795673078125 0.68953804375 0.9591346156249999 0.7133152171875 0.9387019234375 0.7173913046875 0.9230769234375 0.70516304375 0.8990384609375001 0.663043478125 0.8677884609375001 0.6127717390625 0.799278846875 0.59171195625 0.7980769234375 0.5896739125 0.8137019234375 0.5855978265624999 0.8221153843750001 0.569293478125 0.8329326921875 0.536005434375 0.8293269234375 0.5217391296875 0.8581730765625 0.53328804375 0.9230769234375 0.5346467390625 0.9459134609375001 0.542119565625 0.953125 0.5618206515625 0.950721153125
1 0.6345108703125 0.46875 0.6480978265624999 0.50360576875 0.6657608703125 0.5300480765625 0.6881793484375 0.5480769234375 0.7017663046875 0.5480769234375 0.7241847828125 0.5396634609375 0.729619565625 0.525240384375 0.729619565625 0.5168269234375 0.7194293484375 0.5012019234375 0.690217390625 0.478365384375 0.6711956515625 0.44951923125000004 0.647418478125 0.3818112984375 0.651494565625 0.349759615625 0.637907609375 0.34735576875 0.6331521734375001 0.3581730765625 0.633831521875 0.390625 0.6283967390625 0.41105769218750005 0.6283967390625 0.4375 0.6345108703125 0.46875