0 0.1263586953125 0.1730769234375 0.1304347828125 0.15264423124999998 0.1311141296875 0.11899038437500001 0.125 0.091346153125 0.11480978281250001 0.07451923125 0.0923913046875 0.0625 0.09375 0.056490384375 0.09171195625 0.052884615625 0.08084239062500001 0.06971153906250001 0.06793478281250001 0.07091346093749999 0.061141304687499995 0.078125 0.052309782812500004 0.09735576875 0.04891304375 0.11658653906250001 0.0502717390625 0.153846153125 0.0591032609375 0.1826923078125 0.1216032609375 0.1826923078125 0.1263586953125 0.1730769234375
0 0.2330163046875 0.169471153125 0.23641304375 0.146634615625 0.2357336953125 0.109375 0.2269021734375 0.0829326921875 0.21603260937500002 0.06971153906250001 0.20040760937500002 0.0673076921875 0.1732336953125 0.07211538437500001 0.163043478125 0.08774038437500001 0.1555706515625 0.11658653906250001 0.1555706515625 0.1514423078125 0.163043478125 0.1826923078125 0.22826087031250003 0.18389423124999998 0.2330163046875 0.169471153125
0 0.34375 0.171875 0.3491847828125 0.1490384609375 0.350543478125 0.11778846093749999 0.346467390625 0.091346153125 0.33763587031250003 0.07211538437500001 0.33016304375 0.0673076921875 0.28736412968749997 0.06850961562499999 0.27377717343749997 0.08653846093749999 0.268342390625 0.10456730781250001 0.2669836953125 0.1490384609375 0.2758152171875 0.18389423124999998 0.33763587031250003 0.18389423124999998 0.34375 0.171875
0 0.43614130468749995 0.18389423124999998 0.442255434375 0.1766826921875 0.4476902171875 0.1574519234375 0.44972826093749996 0.127403846875 0.4456521734375 0.0985576921875 0.43682065156250005 0.0793269234375 0.428668478125 0.0733173078125 0.40307948437499996 0.07211538437500001 0.393342390625 0.06610576875 0.3899456515625 0.0733173078125 0.377717390625 0.0793269234375 0.370244565625 0.0949519234375 0.366168478125 0.11418269218749999 0.36548912968749997 0.1490384609375 0.372282609375 0.1766826921875 0.37703804375 0.18389423124999998 0.43614130468749995 0.18389423124999998
0 0.0720108703125 0.41105769218750005 0.0788043484375 0.41826923125000004 0.118206521875 0.41947115312500005 0.12703804375 0.415865384375 0.13858695625 0.400240384375 0.1460597828125 0.377403846875 0.14877717343750002 0.3545673078125 0.1467391296875 0.3209134609375 0.1399456515625 0.2980769234375 0.1304347828125 0.2824519234375 0.0998641296875 0.2740384609375 0.0842391296875 0.275240384375 0.073369565625 0.2824519234375 0.0638586953125 0.299278846875 0.0591032609375 0.3173076921875 0.056385870312499996 0.33173076875 0.056385870312499996 0.365384615625 0.0591032609375 0.381009615625 0.0720108703125 0.41105769218750005
0 0.17663043437499998 0.41826923125000004 0.1936141296875 0.42548076874999996 0.2241847828125 0.4230769234375 0.2398097828125 0.3990384609375 0.24796195625 0.36298076875 0.24796195625 0.322115384375 0.2398097828125 0.30048076875 0.22486412968749997 0.275240384375 0.21671195625 0.2740384609375 0.21399456562500002 0.28125 0.20040760937500002 0.2764423078125 0.17934782656249998 0.2824519234375 0.1684782609375 0.3016826921875 0.163043478125 0.3197115390625 0.1603260875 0.3365384609375 0.16100543437499998 0.3798076921875 0.1677989125 0.40264423125000004 0.17663043437499998 0.41826923125000004
0 0.28125 0.42548076874999996 0.32608695625 0.4230769234375 0.336956521875 0.4074519234375 0.3451086953125 0.3822115390625 0.3471467390625 0.365384615625 0.3451086953125 0.325721153125 0.3383152171875 0.302884615625 0.325407609375 0.2860576921875 0.29891304375 0.28485576875 0.2778532609375 0.2896634609375 0.2669836953125 0.3052884609375 0.258831521875 0.3365384609375 0.25815217343749997 0.3641826921875 0.26358695625 0.3954326921875 0.27513587031250003 0.4206730765625 0.28125 0.42548076874999996
0 0.381793478125 0.42548076874999996 0.40692934843749995 0.42668269218750005 0.42527173906250004 0.421875 0.43817934843749995 0.396634615625 0.444293478125 0.368990384375 0.4429347828125 0.330528846875 0.4334239125 0.302884615625 0.42391304375 0.2920673078125 0.399456521875 0.294471153125 0.3960597828125 0.2884615390625 0.390625 0.296875 0.37703804375 0.30048076875 0.364130434375 0.31610576875 0.3600543484375 0.3389423078125 0.359375 0.3701923078125 0.3648097828125 0.3990384609375 0.3736413046875 0.41947115312500005 0.381793478125 0.42548076874999996
0 0.0971467390625 0.697115384375 0.11345108749999999 0.689903846875 0.1263586953125 0.669471153125 0.133831521875 0.638221153125 0.1345108703125 0.6105769234375 0.12364130468750001 0.5673076921875 0.1059782609375 0.549278846875 0.078125 0.546875 0.0638586953125 0.5516826921875 0.04891304375 0.5697115390625 0.0407608703125 0.6009615390625 0.0414402171875 0.6490384609375 0.050951087500000006 0.677884615625 0.0665760875 0.697115384375 0.0971467390625 0.697115384375
0 0.45108695625 0.9927884609375001 0.448369565625 0.95673076875 0.44089673906250004 0.9326923078125 0.4320652171875 0.91826923125 0.4144021734375 0.908653846875 0.3960597828125 0.908653846875 0.3804347828125 0.9158653843750001 0.36684782656250003 0.9387019234375 0.3580163046875 0.9699519234375 0.354619565625 0.9927884609375001 0.356657609375 0.9987980765625 0.44972826093749996 0.9987980765625 0.45108695625 0.9927884609375001
0 0.3274456515625 0.950721153125 0.3131793484375 0.9326923078125 0.299592390625 0.9278846156249999 0.27377717343749997 0.9278846156249999 0.25951087031250003 0.935096153125 0.24796195625 0.950721153125 0.24048912968749997 0.9795673078125 0.23913043437499998 0.9987980765625 0.336956521875 0.9987980765625 0.3335597828125 0.9675480765625 0.3274456515625 0.950721153125
0 0.274456521875 0.9266826921875 0.3125 0.9314903843750001 0.32065217343749997 0.9387019234375 0.3294836953125 0.955528846875 0.3335597828125 0.9471153843750001 0.330842390625 0.9158653843750001 0.325407609375 0.8954326921875 0.3131793484375 0.8762019234375 0.299592390625 0.8677884609375001 0.2819293484375 0.8677884609375001 0.2663043484375 0.87860576875 0.254755434375 0.8978365390624999 0.24728260937500002 0.9362980765625 0.2466032609375 0.9591346156249999 0.2493206515625 0.9483173078125 0.25747282656250003 0.9362980765625 0.274456521875 0.9266826921875
0 0.2173913046875 0.9639423078125 0.20923912968749997 0.9459134609375001 0.1997282609375 0.935096153125 0.1861413046875 0.9290865390624999 0.16100543437499998 0.9290865390624999 0.1501358703125 0.935096153125 0.1345108703125 0.9579326921875 0.1304347828125 0.971153846875 0.12703804375 0.9987980765625 0.22350543437499998 0.9987980765625 0.2241847828125 0.9939903843750001 0.2173913046875 0.9639423078125
0 0.20720108750000002 0.9423076921875 0.2153532609375 0.95673076875 0.2241847828125 0.9951923078125 0.22826087031250003 0.99639423125 0.23233695625 0.9891826921875 0.23913043437499998 0.9543269234375 0.23845108750000002 0.9110576921875 0.2309782609375 0.8894230765625 0.2194293484375 0.8689903843750001 0.19565217343750002 0.8641826921875 0.1759510875 0.8701923078125 0.16440217343750002 0.8822115390624999 0.1528532609375 0.9110576921875 0.1501358703125 0.93389423125 0.16711956562500002 0.9266826921875 0.1929347828125 0.9302884609375001 0.20720108750000002 0.9423076921875
0 0.10869565156250001 0.9447115390624999 0.0951086953125 0.9230769234375 0.0794836953125 0.9146634609375001 0.052989129687500004 0.9158653843750001 0.0387228265625 0.9278846156249999 0.024456521875 0.9543269234375 0.0190217390625 0.981971153125 0.0190217390625 0.9987980765625 0.11480978281250001 0.9987980765625 0.116168478125 0.9939903843750001 0.10869565156250001 0.9447115390624999
0 0.086956521875 0.9170673078125 0.100543478125 0.9290865390624999 0.11345108749999999 0.9627403843750001 0.118206521875 0.9987980765625 0.12228260937499999 0.9939903843750001 0.13315217343750002 0.955528846875 0.1345108703125 0.9314903843750001 0.1283967390625 0.9002403843750001 0.118206521875 0.8810096156249999 0.100543478125 0.8689903843750001 0.07608695625 0.8701923078125 0.055706521875000005 0.8894230765625 0.0502717390625 0.90264423125 0.0461956515625 0.9158653843750001 0.048233695312500005 0.91826923125 0.073369565625 0.9134615390624999 0.086956521875 0.9170673078125
2 0.1705163046875 0.69951923125 0.1976902171875 0.700721153125 0.20923912968749997 0.6959134609375 0.225543478125 0.67548076875 0.23641304375 0.6454326921875 0.23641304375 0.611778846875 0.2330163046875 0.59375 0.2173913046875 0.5612980765625 0.1990489125 0.5480769234375 0.18002717343750002 0.546875 0.1616847828125 0.5540865390625 0.14266304375 0.587740384375 0.13858695625 0.609375 0.137907609375 0.6454326921875 0.1413043484375 0.6610576921875 0.15828804375 0.6923076921875 0.1705163046875 0.69951923125
2 0.27513587031250003 0.7019230765625 0.301630434375 0.703125 0.3165760875 0.6947115390625 0.3288043484375 0.67548076875 0.3383152171875 0.638221153125 0.3383152171875 0.609375 0.3335597828125 0.5853365390625 0.32201087031250003 0.5637019234375 0.30434782656250003 0.552884615625 0.2846467390625 0.5516826921875 0.25747282656250003 0.5637019234375 0.24796195625 0.5793269234375 0.241168478125 0.609375 0.2418478265625 0.6454326921875 0.24728260937500002 0.66826923125 0.25951087031250003 0.69110576875 0.27513587031250003 0.7019230765625
2 0.377717390625 0.700721153125 0.40285326093749996 0.7019230765625 0.41847826093749996 0.693509615625 0.43614130468749995 0.66826923125 0.4449728265625 0.6322115390625 0.4429347828125 0.591346153125 0.43614130468749995 0.5709134609375 0.41983695625 0.544471153125 0.40421195625 0.5324519234375 0.3851902171875 0.5324519234375 0.366168478125 0.5480769234375 0.352581521875 0.5793269234375 0.346467390625 0.6045673078125 0.346467390625 0.638221153125 0.352581521875 0.669471153125 0.3607336953125 0.6862980765625 0.377717390625 0.700721153125
2 0.6345108703125 0.9591346156249999 0.6236413046875 0.9362980765625 0.6107336953125 0.92548076875 0.59578804375 0.921875 0.5835597828125 0.9230769234375 0.5679347828125 0.93389423125 0.555706521875 0.9591346156249999 0.5502717390625 0.9855769234375 0.549592390625 0.9987980765625 0.6399456515625 0.9987980765625 0.640625 0.9951923078125 0.6345108703125 0.9591346156249999
2 0.7309782609375 0.94951923125 0.7201086953125 0.9362980765625 0.7044836953125 0.9326923078125 0.6915760875 0.9230769234375 0.6875 0.9230769234375 0.6637228265624999 0.9519230765625 0.653532609375 0.986778846875 0.6528532609375 0.9987980765625 0.7445652171875 0.9987980765625 0.7418478265624999 0.9699519234375 0.7309782609375 0.94951923125
2 0.8226902171875 0.935096153125 0.8063858703125 0.9278846156249999 0.7982336953125 0.9278846156249999 0.7751358703125 0.9435096156249999 0.7649456515625 0.95673076875 0.758831521875 0.9759615390624999 0.756793478125 0.9987980765625 0.8498641296875 0.9987980765625 0.8423913046875 0.9603365390624999 0.8226902171875 0.935096153125
2 0.8824728265624999 0.9627403843750001 0.8980978265624999 0.939903846875 0.9103260875 0.93389423125 0.93953804375 0.935096153125 0.9361413046875 0.9122596156249999 0.9273097828125 0.89423076875 0.9157608703125 0.8822115390624999 0.9028532609375001 0.87860576875 0.8824728265624999 0.8810096156249999 0.8668478265624999 0.8918269234375 0.8607336953125 0.9014423078125 0.8519021734375001 0.9326923078125 0.8525815218749999 0.9747596156249999 0.859375 0.9987980765625 0.875 0.9987980765625 0.8824728265624999 0.9627403843750001
2 0.95516304375 0.953125 0.9415760875 0.9387019234375 0.9286684781250001 0.93389423125 0.9076086953125 0.935096153125 0.8960597828125 0.9423076921875 0.8831521734375001 0.9627403843750001 0.8777173906250001 0.984375 0.8763586953125 0.9987980765625 0.96875 0.9987980765625 0.9626358703125 0.9675480765625 0.95516304375 0.953125
2 0.7248641296875 0.939903846875 0.7438858703125 0.97235576875 0.7459239125 0.9615384609375001 0.7459239125 0.935096153125 0.7425271734375001 0.9158653843750001 0.73233695625 0.8954326921875 0.7126358703125 0.8798076921875 0.6915760875 0.87860576875 0.676630434375 0.888221153125 0.6657608703125 0.90625 0.6576086953125 0.935096153125 0.65828804375 0.9591346156249999 0.6684782609375 0.9447115390624999 0.694293478125 0.9278846156249999 0.7248641296875 0.939903846875
2 0.6100543484375 0.92548076875 0.6209239125 0.93389423125 0.6324728265624999 0.9543269234375 0.6419836953125 0.9987980765625 0.6528532609375 0.9783653843750001 0.6548913046875 0.9579326921875 0.6501358703125 0.919471153125 0.6440217390625 0.9002403843750001 0.6304347828125 0.8822115390624999 0.6134510875 0.8762019234375 0.59578804375 0.87860576875 0.578125 0.8966346156249999 0.5699728265624999 0.9146634609375001 0.5679347828125 0.9314903843750001 0.584918478125 0.9230769234375 0.598505434375 0.9230769234375 0.6100543484375 0.92548076875
2 0.8892663046875 0.400240384375 0.8960597828125 0.390625 0.9150815218749999 0.4050480765625 0.9361413046875 0.40264423125000004 0.948369565625 0.3822115390625 0.9544836953125 0.36298076875 0.9565217390624999 0.3269230765625 0.953125 0.3016826921875 0.9388586953125 0.26923076875 0.9273097828125 0.2584134609375 0.9001358703125 0.256009615625 0.8872282609375001 0.2608173078125 0.8688858703125 0.290865384375 0.8627717390624999 0.3173076921875 0.8648097828125 0.3641826921875 0.870244565625 0.381009615625 0.8838315218749999 0.400240384375 0.8892663046875 0.400240384375
2 0.77921195625 0.3858173078125 0.790081521875 0.3990384609375 0.7982336953125 0.390625 0.8043478265624999 0.390625 0.8152173906250001 0.400240384375 0.8288043484375001 0.40144230781249995 0.8430706515624999 0.3798076921875 0.8498641296875 0.3545673078125 0.8512228265624999 0.3173076921875 0.8451086953125 0.2860576921875 0.83016304375 0.259615384375 0.8179347828125 0.2512019234375 0.7927989125 0.25 0.7798913046875 0.2572115390625 0.76766304375 0.2764423078125 0.7581521734375001 0.3125 0.7574728265624999 0.34735576875 0.7601902171875 0.365384615625 0.7690217390625 0.3894230765625 0.77921195625 0.3858173078125
2 0.6813858703125 0.38701923125 0.7357336953125 0.38701923125 0.7493206515625 0.3641826921875 0.754755434375 0.330528846875 0.752717390625 0.296875 0.745244565625 0.2728365390625 0.729619565625 0.2512019234375 0.7153532609375 0.2427884609375 0.700407609375 0.2427884609375 0.680706521875 0.2548076921875 0.665081521875 0.2860576921875 0.6603260875 0.3137019234375 0.661005434375 0.34735576875 0.6664402171875 0.372596153125 0.671875 0.3834134609375 0.6813858703125 0.38701923125
2 0.5794836953125 0.3978365390625 0.6107336953125 0.400240384375 0.6216032609375 0.39423076875 0.6345108703125 0.396634615625 0.647418478125 0.381009615625 0.6548913046875 0.353365384375 0.65625 0.325721153125 0.6521739125 0.2980769234375 0.6419836953125 0.2740384609375 0.627717390625 0.259615384375 0.6039402171875 0.2572115390625 0.5842391296875 0.265625 0.567255434375 0.2896634609375 0.5625 0.3052884609375 0.56046195625 0.3209134609375 0.5625 0.35576923125 0.5720108703125 0.3858173078125 0.5794836953125 0.3978365390625
2 0.6881793484375 0.1766826921875 0.6970108703125 0.177884615625 0.7262228265624999 0.15985576875000002 0.7357336953125 0.177884615625 0.7438858703125 0.158653846875 0.74796195625 0.1334134609375 0.747282609375 0.10456730781250001 0.7425271734375001 0.0829326921875 0.7282608703125 0.05889423125 0.7133152171875 0.049278846875 0.6888586953125 0.05048076875 0.6711956515625 0.0637019234375 0.6603260875 0.08774038437500001 0.6548913046875 0.11899038437500001 0.65421195625 0.14423076875000002 0.6657608703125 0.140625 0.6725543484375 0.169471153125 0.6881793484375 0.1766826921875
2 0.8362771734375001 0.1790865390625 0.84578804375 0.162259615625 0.8498641296875 0.140625 0.8505434781250001 0.1105769234375 0.8451086953125 0.08173076875 0.8342391296875 0.061298076562500005 0.8192934781250001 0.0480769234375 0.794157609375 0.046875 0.7778532609375 0.056490384375 0.76358695625 0.0793269234375 0.7574728265624999 0.10456730781250001 0.7574728265624999 0.1574519234375 0.762907609375 0.174278846875 0.76766304375 0.1790865390625 0.8362771734375001 0.1790865390625
2 0.8790760875 0.177884615625 0.9436141296875 0.177884615625 0.9524456515624999 0.1610576921875 0.9572010875 0.140625 0.957880434375 0.11177884687499999 0.9524456515624999 0.08173076875 0.9388586953125 0.056490384375 0.9273097828125 0.046875 0.8974184781250001 0.046875 0.8879076093749999 0.051682692187500004 0.8722826093749999 0.07451923125 0.864130434375 0.10216346093749999 0.8634510875 0.131009615625 0.8668478265624999 0.15264423124999998 0.8716032609375001 0.16826923124999998 0.8790760875 0.177884615625
1 0.5455163046875 0.7415865390625 0.5475543484375 0.75360576875 0.559782609375 0.76923076875 0.5991847828125 0.756009615625 0.6209239125 0.7331730765625 0.6320197015625 0.71234014375 0.640625 0.7079326921875 0.6419836953125 0.716346153125 0.6501358703125 0.72235576875 0.65421195625 0.721153846875 0.6555706515625 0.709134615625 0.6616847828125 0.7019230765625 0.669157609375 0.7199519234375 0.67391304375 0.7235576921875 0.6949728265624999 0.7235576921875 0.7017663046875 0.716346153125 0.7146739125 0.6887019234375 0.7269021734375001 0.606971153125 0.7289402171875 0.53485576875 0.7194293484375 0.48197115312500005 0.7153532609375 0.47355769218750005 0.591032609375 0.474759615625 0.5237771734375001 0.599759615625 0.515625 0.625 0.508831521875 0.6802884609375 0.510869565625 0.7019230765625 0.5251358703125 0.716346153125 0.5319293484375 0.7175480765625 0.5455163046875 0.7415865390625
1 0.768342390625 0.747596153125 0.7846467390625 0.7824519234375 0.799592390625 0.7860576921875 0.8084239125 0.778846153125 0.8165760875 0.778846153125 0.8267663046875 0.783653846875 0.8403532609375001 0.7764423078125 0.8423913046875 0.7668269234375 0.8559782609375001 0.7427884609375 0.859375 0.700721153125 0.87296195625 0.709134615625 0.9001358703125 0.747596153125 0.9116847828125 0.75 0.9347826093749999 0.7668269234375 0.9429347828125 0.7668269234375 0.9517663046875 0.7548076921875 0.9538043484375001 0.7331730765625 0.9517663046875 0.709134615625 0.9585597828125 0.685096153125 0.9538043484375001 0.6730769234375 0.95108695625 0.650240384375 0.9436141296875 0.6262019234375 0.8967391296875 0.515625 0.8763586953125 0.478365384375 0.8288043484375001 0.47235576874999996 0.7690217390625 0.4771634609375 0.7717391296875 0.5072115390625 0.7642663046875 0.53125 0.760869565625 0.55889423125 0.7669836953125 0.638221153125 0.7601902171875 0.658653846875 0.7615489125 0.7043269234375 0.768342390625 0.747596153125