0 0.059782609375 0.3834134609375 0.0686141296875 0.388221153125 0.1032608703125 0.388221153125 0.11209239062500001 0.384615384375 0.12228260937499999 0.37139423125 0.12432065156250001 0.3605769234375 0.12432065156250001 0.275240384375 0.1154891296875 0.259615384375 0.10394021718749999 0.2548076921875 0.0638586953125 0.25360576875 0.057744565625 0.265625 0.052309782812500004 0.2668269234375 0.0461956515625 0.2884615390625 0.044157609375000004 0.3052884609375 0.045516304687499995 0.3449519234375 0.0502717390625 0.3641826921875 0.059782609375 0.3834134609375
0 0.20040760937500002 0.3858173078125 0.203125 0.3834134609375 0.2038043484375 0.3701923078125 0.2112771734375 0.3581730765625 0.2173913046875 0.3581730765625 0.2173913046875 0.2980769234375 0.21467391249999998 0.28125 0.21671195625 0.2740384609375 0.20788043437499998 0.2728365390625 0.20040760937500002 0.2584134609375 0.1576086953125 0.2548076921875 0.15421195625 0.2668269234375 0.1460597828125 0.265625 0.1419836953125 0.271634615625 0.13586956562500002 0.296875 0.1351902171875 0.341346153125 0.1419836953125 0.3641826921875 0.15421195625 0.3858173078125 0.20040760937500002 0.3858173078125
0 0.24048912968749997 0.2572115390625 0.2663043484375 0.25 0.28125 0.231971153125 0.28125 0.1418269234375 0.27173912968749997 0.1262019234375 0.2642663046875 0.12259615312500001 0.2241847828125 0.1262019234375 0.21263587031250003 0.1394230765625 0.2024456515625 0.1646634609375 0.203125 0.216346153125 0.21467391249999998 0.2451923078125 0.2241847828125 0.2548076921875 0.24048912968749997 0.2572115390625
0 0.2466032609375 0.3834134609375 0.272418478125 0.3858173078125 0.301630434375 0.3798076921875 0.31046195625 0.365384615625 0.31861412968749997 0.337740384375 0.3179347828125 0.3125 0.3125 0.3040865390625 0.3111413046875 0.2824519234375 0.2982336953125 0.2704326921875 0.29483695625 0.259615384375 0.2826086953125 0.2584134609375 0.28125 0.2644230765625 0.2540760875 0.2668269234375 0.2493206515625 0.2728365390625 0.24388587031250003 0.2704326921875 0.23233695625 0.290865384375 0.22826087031250003 0.310096153125 0.2289402171875 0.341346153125 0.24048912968749997 0.361778846875 0.2398097828125 0.3762019234375 0.2466032609375 0.3834134609375
0 0.3084239125 0.2451923078125 0.3111413046875 0.24399038437499998 0.32201087031250003 0.256009615625 0.3288043484375 0.25 0.33627717343749997 0.25 0.3451086953125 0.2584134609375 0.352581521875 0.2512019234375 0.35122282656250003 0.2451923078125 0.3648097828125 0.2427884609375 0.37296195625 0.231971153125 0.3763586953125 0.21995192343749997 0.3763586953125 0.1887019234375 0.3736413046875 0.158653846875 0.366168478125 0.1418269234375 0.35326087031250003 0.1322115390625 0.32201087031250003 0.1298076921875 0.317255434375 0.134615384375 0.31046195625 0.1334134609375 0.303668478125 0.1418269234375 0.3002717390625 0.1574519234375 0.30298912968749997 0.221153846875 0.30502717343749997 0.2391826921875 0.3084239125 0.2451923078125
0 0.13247282656249998 0.23557692343749997 0.133831521875 0.247596153125 0.1501358703125 0.25360576875 0.15421195625 0.252403846875 0.1648552984375 0.234375 0.1711956515625 0.23317307656250003 0.1705163046875 0.22235576875000002 0.1732336953125 0.21754807656250003 0.18546195625 0.21514423124999998 0.18546195625 0.1947115390625 0.1936141296875 0.1646634609375 0.1875 0.1574519234375 0.1813858703125 0.158653846875 0.18002717343750002 0.1646634609375 0.1725543484375 0.158653846875 0.16983695625 0.12259615312500001 0.16100543437499998 0.12019230781250001 0.1263586953125 0.1298076921875 0.1216032609375 0.1646634609375 0.11480978281250001 0.165865384375 0.11345108749999999 0.1766826921875 0.1154891296875 0.216346153125 0.12364130468750001 0.221153846875 0.12432065156250001 0.23317307656250003 0.13247282656249998 0.23557692343749997
0 0.1623641296875 0.724759615625 0.18953804375 0.7259615390625 0.20720108750000002 0.716346153125 0.21671195625 0.69951923125 0.2269021734375 0.6610576921875 0.227581521875 0.631009615625 0.22486412968749997 0.6165865390625 0.21671195625 0.5985576921875 0.2017663046875 0.5889423078125 0.17391304375 0.5853365390625 0.158967390625 0.5889423078125 0.147418478125 0.603365384375 0.1392663046875 0.6298076921875 0.1392663046875 0.674278846875 0.14266304375 0.6923076921875 0.1528532609375 0.71514423125 0.1623641296875 0.724759615625
0 0.08355978281250001 0.7235576921875 0.10529891250000001 0.7199519234375 0.12024456562500001 0.709134615625 0.1283967390625 0.6887019234375 0.1365489125 0.650240384375 0.13586956562500002 0.6322115390625 0.12703804375 0.599759615625 0.11956521718749999 0.59014423125 0.1032608703125 0.584134615625 0.067255434375 0.591346153125 0.059782609375 0.5985576921875 0.048233695312500005 0.631009615625 0.048233695312500005 0.67548076875 0.056385870312499996 0.7043269234375 0.0658967390625 0.716346153125 0.08355978281250001 0.7235576921875
0 0.23641304375 0.700721153125 0.2445652171875 0.71514423125 0.25951087031250003 0.7235576921875 0.27513587031250003 0.7235576921875 0.29483695625 0.716346153125 0.30298912968749997 0.703125 0.31046195625 0.674278846875 0.3125 0.6418269234375 0.3111413046875 0.6177884609375 0.30298912968749997 0.6021634609375 0.2961956515625 0.5949519234375 0.278532609375 0.59375 0.2357336953125 0.6045673078125 0.2330163046875 0.6141826921875 0.2357336953125 0.643028846875 0.2336956515625 0.685096153125 0.23641304375 0.700721153125
2 0.6705163046875 0.709134615625 0.6813858703125 0.72235576875 0.6990489125 0.7295673078125 0.72078804375 0.7259615390625 0.734375 0.709134615625 0.7425271734375001 0.6826923078125 0.7438858703125 0.6418269234375 0.7350543484375 0.606971153125 0.727581521875 0.5949519234375 0.7201086953125 0.5925480765625 0.7153532609375 0.5829326921875 0.694293478125 0.5769230765625 0.6725543484375 0.596153846875 0.6644021734375001 0.6105769234375 0.6616847828125 0.625 0.65828804375 0.6262019234375 0.6657608703125 0.6947115390625 0.6705163046875 0.709134615625
2 0.5251358703125 0.7295673078125 0.5509510875 0.7235576921875 0.5706521734375001 0.68389423125 0.5747282609375 0.653846153125 0.5720108703125 0.6262019234375 0.5631793484375 0.615384615625 0.56046195625 0.6021634609375 0.5414402171875 0.5829326921875 0.5298913046875 0.578125 0.5169836953125 0.58173076875 0.4925271734375 0.6105769234375 0.489130434375 0.62860576875 0.4884510875 0.6478365390625 0.4938858703125 0.6923076921875 0.5095108703125 0.7235576921875 0.5251358703125 0.7295673078125
2 0.5862771734375001 0.709134615625 0.59578804375 0.7235576921875 0.61141304375 0.7295673078125 0.6283967390625 0.728365384375 0.637907609375 0.72235576875 0.6501358703125 0.7043269234375 0.651494565625 0.6298076921875 0.6467391296875 0.6237980765625 0.6460597828125 0.6165865390625 0.6501358703125 0.606971153125 0.63858695625 0.587740384375 0.6256793484375 0.58173076875 0.62296195625 0.5637019234375 0.6032608703125 0.56610576875 0.600543478125 0.5769230765625 0.5944293484375 0.5793269234375 0.588994565625 0.591346153125 0.578125 0.6262019234375 0.5767663046875 0.6550480765625 0.58016304375 0.685096153125 0.582880434375 0.6875 0.5862771734375001 0.709134615625
2 0.4123641296875 0.7043269234375 0.415081521875 0.71514423125 0.42323369531250005 0.724759615625 0.4375 0.7271634609375 0.45244565156250005 0.7199519234375 0.455842390625 0.7235576921875 0.459918478125 0.7199519234375 0.4585597828125 0.7115384609375 0.46416440156250005 0.7019230765625 0.4748641296875 0.7019230765625 0.477581521875 0.697115384375 0.4789402171875 0.671875 0.48233695625 0.665865384375 0.48233695625 0.627403846875 0.4762228265625 0.6105769234375 0.46739130468749995 0.60576923125 0.46739130468749995 0.5949519234375 0.45108695625 0.5793269234375 0.43410326093749996 0.5793269234375 0.4103260875 0.6105769234375 0.40557065156250005 0.631009615625 0.40421195625 0.681490384375 0.4116847828125 0.6875 0.415081521875 0.700721153125 0.4123641296875 0.7043269234375
2 0.8444293484375001 0.7175480765625 0.8600543484375001 0.7259615390625 0.8865489125 0.7235576921875 0.8987771734375001 0.712740384375 0.9103260875 0.68389423125 0.9123641296875 0.6478365390625 0.9096467390624999 0.62860576875 0.9021739125 0.6081730765625 0.88858695625 0.59014423125 0.8695652171875 0.5853365390625 0.8464673906250001 0.59014423125 0.8383152171875 0.596153846875 0.8315217390624999 0.6081730765625 0.828125 0.625 0.8274456515624999 0.6478365390625 0.8315217390624999 0.6646634609375 0.8315217390624999 0.693509615625 0.8444293484375001 0.7175480765625
2 0.7975543484375 0.7259615390625 0.81453804375 0.7139423078125 0.8247282609375001 0.69110576875 0.8274456515624999 0.6610576921875 0.8220108703125 0.62139423125 0.8179347828125 0.609375 0.8050271734375001 0.59014423125 0.7866847828125 0.5793269234375 0.7669836953125 0.5889423078125 0.75 0.609375 0.7445652171875 0.6262019234375 0.7466032609375 0.6887019234375 0.7595108703125 0.7175480765625 0.776494565625 0.7259615390625 0.7975543484375 0.7259615390625
2 0.2044836953125 0.9615384609375001 0.22961956562500002 0.9603365390624999 0.2486413046875 0.950721153125 0.256793478125 0.93389423125 0.2642663046875 0.90264423125 0.2642663046875 0.87139423125 0.256793478125 0.8449519234375 0.24592391249999998 0.8293269234375 0.22826087031250003 0.8185096156249999 0.21263587031250003 0.8173076921875 0.1936141296875 0.828125 0.180706521875 0.8497596156249999 0.1725543484375 0.8798076921875 0.1725543484375 0.903846153125 0.18002717343750002 0.93389423125 0.1868206515625 0.950721153125 0.2044836953125 0.9615384609375001
2 0.5013586953125 0.9675480765625 0.520380434375 0.9675480765625 0.538043478125 0.9591346156249999 0.5455163046875 0.950721153125 0.5550271734375001 0.9170673078125 0.555706521875 0.8846153843750001 0.5529891296875 0.8641826921875 0.5434782609375 0.8389423078125 0.5305706515625 0.8269230765625 0.50203804375 0.8221153843750001 0.48641304375 0.830528846875 0.47214673906250004 0.856971153125 0.46875 0.8810096156249999 0.46942934843749995 0.9158653843750001 0.477581521875 0.9447115390624999 0.487092390625 0.9591346156249999 0.5013586953125 0.9675480765625
2 0.6888586953125 0.9519230765625 0.70516304375 0.9627403843750001 0.72078804375 0.9627403843750001 0.739130434375 0.95673076875 0.75 0.9447115390624999 0.7581521734375001 0.9170673078125 0.7601902171875 0.88701923125 0.7574728265624999 0.85576923125 0.74796195625 0.8329326921875 0.731657609375 0.8185096156249999 0.7038043484375 0.8185096156249999 0.6881793484375 0.830528846875 0.6793478265624999 0.8485576921875 0.6732336953125 0.8677884609375001 0.6732336953125 0.9002403843750001 0.678668478125 0.9266826921875 0.6888586953125 0.9519230765625
2 0.39266304375 0.9603365390624999 0.40760869531250005 0.966346153125 0.43546195625 0.9615384609375001 0.45108695625 0.9447115390624999 0.457880434375 0.919471153125 0.459918478125 0.8894230765625 0.457880434375 0.8677884609375001 0.45176630468749995 0.846153846875 0.4375 0.828125 0.3913043484375 0.8293269234375 0.3804347828125 0.8449519234375 0.3736413046875 0.8701923078125 0.37296195625 0.903846153125 0.3763586953125 0.93389423125 0.38315217343749997 0.950721153125 0.39266304375 0.9603365390624999
2 0.29891304375 0.9591346156249999 0.32608695625 0.9627403843750001 0.34986412968749997 0.9519230765625 0.3580163046875 0.9387019234375 0.3627717390625 0.9170673078125 0.364130434375 0.8846153843750001 0.3586956515625 0.846153846875 0.34171195625 0.825721153125 0.3131793484375 0.8209134609375001 0.2982336953125 0.828125 0.283967390625 0.8497596156249999 0.278532609375 0.877403846875 0.2778532609375 0.903846153125 0.2819293484375 0.9326923078125 0.28940217343749997 0.950721153125 0.29891304375 0.9591346156249999
2 0.5978260875 0.9603365390624999 0.620244565625 0.9639423078125 0.6351902171875 0.9591346156249999 0.6467391296875 0.94951923125 0.653532609375 0.9375 0.6576086953125 0.919471153125 0.6596467390625 0.8894230765625 0.6555706515625 0.85576923125 0.63858695625 0.82451923125 0.620244565625 0.8209134609375001 0.5944293484375 0.830528846875 0.5794836953125 0.8497596156249999 0.5740489125 0.8737980765625 0.5726902171875 0.9050480765625 0.578125 0.9326923078125 0.5862771734375001 0.9519230765625 0.5978260875 0.9603365390624999
2 0.7907608703125 0.950721153125 0.8057065218749999 0.9543269234375 0.8342391296875 0.950721153125 0.84171195625 0.9387019234375 0.8519021734375001 0.90985576875 0.8539402171875 0.872596153125 0.8505434781250001 0.8533653843750001 0.84171195625 0.83173076875 0.8226902171875 0.814903846875 0.8029891296875 0.8125 0.78328804375 0.82451923125 0.774456521875 0.846153846875 0.7697010875 0.8689903843750001 0.7697010875 0.9002403843750001 0.7737771734375001 0.9206730765625 0.7826086953125 0.94110576875 0.7907608703125 0.950721153125
2 0.1256793484375 0.955528846875 0.1460597828125 0.950721153125 0.15828804375 0.935096153125 0.1616847828125 0.9230769234375 0.163043478125 0.856971153125 0.15625 0.841346153125 0.140625 0.8269230765625 0.1188858703125 0.8221153843750001 0.1059782609375 0.8293269234375 0.09171195625 0.8449519234375 0.08355978281250001 0.8737980765625 0.082880434375 0.8990384609375001 0.0855978265625 0.919471153125 0.1032608703125 0.9519230765625 0.1256793484375 0.955528846875
2 0.3471467390625 0.728365384375 0.36684782656250003 0.728365384375 0.38451087031250003 0.7175480765625 0.3960597828125 0.6875 0.399456521875 0.65625 0.39809782656250003 0.631009615625 0.3919836953125 0.606971153125 0.372282609375 0.5889423078125 0.35733695625 0.591346153125 0.35733695625 0.587740384375 0.3491847828125 0.587740384375 0.33763587031250003 0.59375 0.32065217343749997 0.6177884609375 0.3138586953125 0.6454326921875 0.3131793484375 0.6790865390625 0.319293478125 0.700721153125 0.3322010875 0.721153846875 0.3471467390625 0.728365384375
1 0.473505434375 0.353365384375 0.48573369531250005 0.365384615625 0.524456521875 0.377403846875 0.5720108703125 0.37860576875 0.59171195625 0.368990384375 0.60733695625 0.353365384375 0.62296195625 0.3293269234375 0.625 0.3137019234375 0.631793478125 0.306490384375 0.637907609375 0.283653846875 0.6419836953125 0.234375 0.63858695625 0.2079326921875 0.62296195625 0.1670673078125 0.620244565625 0.143028846875 0.6209239125 0.1105769234375 0.6148097828125 0.091346153125 0.60733695625 0.07451923125 0.591032609375 0.07451923125 0.586956521875 0.080528846875 0.5794836953125 0.10576923125 0.5794836953125 0.1514423078125 0.5740489125 0.1730769234375 0.555706521875 0.2103365390625 0.5427989125 0.2271634609375 0.5095108703125 0.2512019234375 0.466032609375 0.2572115390625 0.45380434843749995 0.271634615625 0.45380434843749995 0.2980769234375 0.459918478125 0.3125 0.457880434375 0.32451923125 0.473505434375 0.353365384375
1 0.8355978265624999 0.064903846875 0.8383152171875 0.0793269234375 0.8355978265624999 0.0949519234375 0.8403532609375001 0.1105769234375 0.838994565625 0.150240384375 0.8355978265624999 0.169471153125 0.8294836953125 0.18389423124999998 0.8294836953125 0.20432692343749997 0.8186141296875 0.2391826921875 0.8138586953125 0.24399038437499998 0.8125 0.2572115390625 0.8029891296875 0.2728365390625 0.7866847828125 0.294471153125 0.7581521734375001 0.3173076921875 0.7404891296875 0.346153846875 0.7398097828125 0.356971153125 0.743206521875 0.368990384375 0.7554347828125 0.3822115390625 0.7717391296875 0.38701923125 0.792119565625 0.381009615625 0.8206521734375001 0.3894230765625 0.8362771734375001 0.3894230765625 0.8532608703125 0.3822115390625 0.870244565625 0.368990384375 0.8933423906250001 0.3353365390625 0.9035326093749999 0.3125 0.9130434781250001 0.275240384375 0.9177989125 0.23557692343749997 0.9157608703125 0.1887019234375 0.9001358703125 0.1454326921875 0.8804347828125 0.11899038437500001 0.8736413046875 0.0949519234375 0.8722826093749999 0.07451923125 0.8648097828125 0.0625 0.8648097828125 0.056490384375 0.8566576093749999 0.0456730765625 0.8403532609375001 0.0480769234375 0.8322010875 0.05408653906250001 0.82608695625 0.04326923125 0.8179347828125 0.060096153124999996 0.8179347828125 0.078125 0.8254076093749999 0.078125 0.83016304375 0.060096153124999996 0.8355978265624999 0.064903846875
1 0.66983695625 0.4206730765625 0.7044836953125 0.381009615625 0.7350543484375 0.318509615625 0.7377717390625 0.2920673078125 0.745244565625 0.287259615625 0.7425271734375001 0.2644230765625 0.7438858703125 0.221153846875 0.7398097828125 0.1875 0.7269021734375001 0.15985576875000002 0.705842390625 0.1334134609375 0.6970108703125 0.10697115312500001 0.6929347828125 0.08173076875 0.6813858703125 0.0673076921875 0.661005434375 0.075721153125 0.6596467390625 0.11418269218749999 0.667119565625 0.1358173078125 0.6684782609375 0.17548076875000002 0.6569293484375 0.20673076875000002 0.649456521875 0.263221153125 0.6413043484375 0.2980769234375 0.6100543484375 0.375 0.609375 0.40985576874999996 0.6134510875 0.41947115312500005 0.6467391296875 0.42548076874999996 0.66983695625 0.4206730765625