0 0.10665760937499999 0.2271634609375 0.127717390625 0.22235576875000002 0.13315217343750002 0.216346153125 0.137907609375 0.185096153125 0.137907609375 0.1574519234375 0.13315217343750002 0.1334134609375 0.125 0.11899038437500001 0.1154891296875 0.11298076875 0.08016304375 0.1105769234375 0.06793478281250001 0.11899038437500001 0.059782609375 0.138221153125 0.058423912499999994 0.18389423124999998 0.06453804375 0.2115384609375 0.069293478125 0.221153846875 0.10665760937499999 0.2271634609375
0 0.21263587031250003 0.24038461562500002 0.2133152171875 0.23317307656250003 0.225543478125 0.21995192343749997 0.22961956562500002 0.2079326921875 0.2330163046875 0.1862980765625 0.2330163046875 0.1610576921875 0.2269021734375 0.1358173078125 0.21603260937500002 0.11899038437500001 0.1929347828125 0.11298076875 0.16983695625 0.11418269218749999 0.1596467390625 0.12860576875000002 0.153532609375 0.1514423078125 0.1528532609375 0.181490384375 0.1569293484375 0.21274038437499998 0.1732336953125 0.2415865390625 0.21263587031250003 0.24038461562500002
0 0.3118206515625 0.24038461562500002 0.3267663046875 0.21514423124999998 0.3315217390625 0.189903846875 0.330842390625 0.1634615390625 0.3267663046875 0.14423076875000002 0.3179347828125 0.12860576875000002 0.29483695625 0.12259615312500001 0.2710597828125 0.1262019234375 0.2615489125 0.138221153125 0.25611412968749997 0.1574519234375 0.2554347828125 0.1730769234375 0.25951087031250003 0.2079326921875 0.2758152171875 0.24038461562500002 0.3118206515625 0.24038461562500002
0 0.40421195625 0.2427884609375 0.42119565156250005 0.20913461562500002 0.424592390625 0.1802884609375 0.42323369531250005 0.15625 0.4164402171875 0.1322115390625 0.40828804375 0.12139423125 0.37703804375 0.11778846093749999 0.362092390625 0.12259615312500001 0.352581521875 0.1394230765625 0.34986412968749997 0.15625 0.34986412968749997 0.1887019234375 0.35326087031250003 0.20673076875000002 0.3709239125 0.2415865390625 0.40421195625 0.2427884609375
0 0.46807065156250005 0.2271634609375 0.4728260875 0.2415865390625 0.5054347828125 0.2427884609375 0.5210597828125 0.21514423124999998 0.5258152171875 0.19110576875000002 0.5258152171875 0.15625 0.5210597828125 0.13701923124999998 0.5122282609375 0.1237980765625 0.5013586953125 0.12019230781250001 0.46739130468749995 0.1237980765625 0.4605978265625 0.1334134609375 0.45380434843749995 0.15625 0.453125 0.181490384375 0.45652173906250004 0.20673076875000002 0.459918478125 0.21995192343749997 0.46807065156250005 0.2271634609375
0 0.6039402171875 0.2415865390625 0.6107336953125 0.231971153125 0.609375 0.2259615390625 0.6168478265624999 0.221153846875 0.6209239125 0.20913461562500002 0.6236413046875 0.1862980765625 0.62296195625 0.1610576921875 0.6175271734375001 0.1358173078125 0.61141304375 0.125 0.56046195625 0.127403846875 0.54891304375 0.14423076875000002 0.546875 0.1574519234375 0.546875 0.19110576875000002 0.5509510875 0.21514423124999998 0.5679347828125 0.2415865390625 0.6039402171875 0.2415865390625
0 0.6820652171875 0.24038461562500002 0.71671195625 0.2427884609375 0.723505434375 0.23557692343749997 0.725543478125 0.2259615390625 0.7302989125 0.22235576875000002 0.7357336953125 0.2079326921875 0.7384510875 0.185096153125 0.737092390625 0.1574519234375 0.7330163046875 0.138221153125 0.7248641296875 0.1237980765625 0.70516304375 0.12019230781250001 0.6759510875 0.125 0.6657608703125 0.138221153125 0.6637228265624999 0.1550480765625 0.6623641296875 0.193509615625 0.6644021734375001 0.216346153125 0.6725543484375 0.22235576875000002 0.6820652171875 0.24038461562500002
0 0.9232336953125 0.216346153125 0.9273097828125 0.200721153125 0.9293478265624999 0.1826923078125 0.9279891296875 0.153846153125 0.9232336953125 0.134615384375 0.9116847828125 0.11778846093749999 0.8648097828125 0.1237980765625 0.8525815218749999 0.1574519234375 0.8512228265624999 0.1887019234375 0.8580163046875 0.221153846875 0.9164402171875 0.2235576921875 0.9232336953125 0.216346153125
0 0.7826086953125 0.2259615390625 0.823369565625 0.2235576921875 0.8315217390624999 0.205528846875 0.8335597828125 0.1875 0.8315217390624999 0.150240384375 0.8288043484375001 0.1394230765625 0.8186141296875 0.12139423125 0.8131793484375001 0.11778846093749999 0.7753620921875 0.1275697109375 0.7690217390625 0.13719110625 0.7599639953125 0.1724699515625 0.76358695625 0.194919471875 0.7663043484375 0.19973076875 0.7644925265625 0.201334134375 0.7826086953125 0.2259615390625
0 0.0774456515625 0.5324519234375 0.1216032609375 0.5324519234375 0.13586956562500002 0.5072115390625 0.1399456515625 0.490384615625 0.1413043484375 0.4519230765625 0.1392663046875 0.4362980765625 0.1304347828125 0.4146634609375 0.1216032609375 0.40625 0.07540760937499999 0.40865384687499995 0.06521739062500001 0.4230769234375 0.0591032609375 0.44831730781249995 0.057744565625 0.4771634609375 0.060461956250000004 0.49759615312500005 0.067255434375 0.51923076875 0.0774456515625 0.5324519234375
0 0.17663043437499998 0.53125 0.1929347828125 0.53485576875 0.2112771734375 0.5324519234375 0.22486412968749997 0.51201923125 0.23233695625 0.48677884687499995 0.2330163046875 0.44110576874999996 0.22486412968749997 0.41706730781249995 0.21603260937500002 0.40625 0.1725543484375 0.4074519234375 0.16372282656249998 0.41826923125000004 0.1569293484375 0.44230769218750005 0.15625 0.4675480765625 0.1603260875 0.5 0.1657608703125 0.515625 0.17663043437499998 0.53125
0 0.26766304375 0.5300480765625 0.28940217343749997 0.5324519234375 0.30502717343749997 0.528846153125 0.3158967390625 0.51201923125 0.3247282609375 0.48677884687499995 0.32608695625 0.43509615312500005 0.3158967390625 0.40865384687499995 0.2642663046875 0.40985576874999996 0.2533967390625 0.4230769234375 0.2486413046875 0.447115384375 0.24796195625 0.474759615625 0.2513586953125 0.49519230781249995 0.25951087031250003 0.5204326921875 0.26766304375 0.5300480765625
0 0.0794836953125 0.7608173078125 0.10665760937499999 0.763221153125 0.11752717343750001 0.759615384375 0.1283967390625 0.747596153125 0.1399456515625 0.7079326921875 0.1399456515625 0.67548076875 0.1345108703125 0.6514423078125 0.1263586953125 0.638221153125 0.1127717390625 0.6298076921875 0.09171195625 0.6298076921875 0.07540760937499999 0.63701923125 0.0625 0.6574519234375 0.057744565625 0.674278846875 0.056385870312499996 0.705528846875 0.060461956250000004 0.7295673078125 0.0720108703125 0.7548076921875 0.0794836953125 0.7608173078125
0 0.1834239125 0.7584134609375 0.2065217390625 0.7608173078125 0.2180706515625 0.7548076921875 0.2309782609375 0.731971153125 0.2377717390625 0.70673076875 0.2377717390625 0.677884615625 0.2330163046875 0.65264423125 0.22826087031250003 0.6418269234375 0.21467391249999998 0.62860576875 0.19497282656249998 0.627403846875 0.1752717390625 0.6358173078125 0.16440217343750002 0.6490384609375 0.158967390625 0.671875 0.158967390625 0.703125 0.1623641296875 0.72235576875 0.1725543484375 0.747596153125 0.1834239125 0.7584134609375
0 0.27173912968749997 0.7608173078125 0.2975543484375 0.763221153125 0.309782609375 0.756009615625 0.3179347828125 0.743990384375 0.3274456515625 0.709134615625 0.328125 0.6923076921875 0.323369565625 0.658653846875 0.31861412968749997 0.646634615625 0.30638587031250003 0.6322115390625 0.288043478125 0.6298076921875 0.27173912968749997 0.6334134609375 0.2554347828125 0.6490384609375 0.2493206515625 0.665865384375 0.24796195625 0.7043269234375 0.2513586953125 0.7235576921875 0.258831521875 0.7451923078125 0.27173912968749997 0.7608173078125
0 0.2533967390625 0.9747596156249999 0.272418478125 0.9795673078125 0.2975543484375 0.9699519234375 0.3091032609375 0.950721153125 0.31861412968749997 0.9146634609375001 0.3179347828125 0.8846153843750001 0.3131793484375 0.8641826921875 0.30298912968749997 0.84735576875 0.28940217343749997 0.8377403843750001 0.265625 0.8353365390624999 0.25203804375 0.841346153125 0.2418478265625 0.8533653843750001 0.23233695625 0.8834134609375001 0.23233695625 0.9170673078125 0.23709239062499998 0.9435096156249999 0.24388587031250003 0.9639423078125 0.2533967390625 0.9747596156249999
0 0.1732336953125 0.9783653843750001 0.1929347828125 0.9771634609375001 0.2085597828125 0.966346153125 0.21671195625 0.950721153125 0.225543478125 0.9122596156249999 0.225543478125 0.8822115390624999 0.22078804375 0.8605769234375 0.2133152171875 0.8449519234375 0.1970108703125 0.83173076875 0.1813858703125 0.830528846875 0.1616847828125 0.8377403843750001 0.1460597828125 0.859375 0.1399456515625 0.8822115390624999 0.1399456515625 0.9158653843750001 0.14877717343750002 0.950721153125 0.1569293484375 0.9675480765625 0.1732336953125 0.9783653843750001
0 0.0720108703125 0.9735576921875 0.0822010875 0.9771634609375001 0.100543478125 0.9747596156249999 0.11480978281250001 0.966346153125 0.127717390625 0.9435096156249999 0.13586956562500002 0.9122596156249999 0.1365489125 0.877403846875 0.131793478125 0.85576923125 0.12364130468750001 0.84014423125 0.11073369531249999 0.83173076875 0.0896739125 0.830528846875 0.07269021718749999 0.8365384609375001 0.057744565625 0.856971153125 0.051630434375 0.8834134609375001 0.052309782812500004 0.9278846156249999 0.058423912499999994 0.950721153125 0.06453804375 0.96514423125 0.0720108703125 0.9735576921875
1 0.0971467390625 0.330528846875 0.1059782609375 0.334134615625 0.1311141296875 0.33173076875 0.1501358703125 0.3197115390625 0.15421195625 0.3076923078125 0.1528532609375 0.2956730765625 0.149456521875 0.290865384375 0.11209239062500001 0.2884615390625 0.0876358703125 0.2764423078125 0.071331521875 0.2608173078125 0.055706521875000005 0.26201923125 0.057065217187499996 0.2860576921875 0.071331521875 0.2980769234375 0.086956521875 0.3233173078125 0.0971467390625 0.330528846875
1 0.23233695625 0.3389423078125 0.23913043437499998 0.3293269234375 0.23641304375 0.3016826921875 0.1970108703125 0.3016826921875 0.16711956562500002 0.27764423125 0.1616847828125 0.27764423125 0.15828804375 0.2860576921875 0.1576086953125 0.302884615625 0.18546195625 0.3389423078125 0.225543478125 0.341346153125 0.23233695625 0.3389423078125
1 0.27309782656250003 0.3329326921875 0.2866847828125 0.341346153125 0.3288043484375 0.34014423125 0.34375 0.33173076875 0.3491847828125 0.3197115390625 0.3451086953125 0.302884615625 0.31453804375 0.302884615625 0.288043478125 0.296875 0.2669836953125 0.2800480765625 0.25611412968749997 0.2644230765625 0.24796195625 0.259615384375 0.2357336953125 0.263221153125 0.23641304375 0.28485576875 0.2540760875 0.299278846875 0.262907609375 0.3197115390625 0.27309782656250003 0.3329326921875
1 0.38247282656250003 0.341346153125 0.40557065156250005 0.341346153125 0.4273097828125 0.3329326921875 0.4334239125 0.3233173078125 0.4334239125 0.30889423125 0.4300271734375 0.3016826921875 0.4021739125 0.3016826921875 0.3804347828125 0.2956730765625 0.3600543484375 0.278846153125 0.341032609375 0.2548076921875 0.328125 0.256009615625 0.3267663046875 0.275240384375 0.35190217343749997 0.3137019234375 0.3716032609375 0.3353365390625 0.38247282656250003 0.341346153125
1 0.4572010875 0.3197115390625 0.471467390625 0.334134615625 0.48777173906250004 0.3425480765625 0.5237771734375001 0.3449519234375 0.538043478125 0.3425480765625 0.5591032609375 0.3233173078125 0.5584239125 0.306490384375 0.553668478125 0.3016826921875 0.48641304375 0.28125 0.453125 0.256009615625 0.4476902171875 0.236778846875 0.43410326093749996 0.2391826921875 0.4279891296875 0.256009615625 0.4300271734375 0.26923076875 0.4429347828125 0.2884615390625 0.4572010875 0.3197115390625
1 0.5726902171875 0.32451923125 0.5883152171875 0.3365384609375 0.612092390625 0.3425480765625 0.6447010875 0.34014423125 0.6623641296875 0.3293269234375 0.6779891296875 0.3076923078125 0.67391304375 0.2896634609375 0.6216032609375 0.287259615625 0.596467390625 0.28125 0.5699728265624999 0.265625 0.5509510875 0.2451923078125 0.544157609375 0.247596153125 0.5366847828125 0.236778846875 0.5366847828125 0.247596153125 0.5319293484375 0.26201923125 0.5326086953125 0.271634615625 0.5726902171875 0.32451923125
1 0.6759510875 0.337740384375 0.6908967390625 0.3449519234375 0.713994565625 0.34735576875 0.7282608703125 0.3425480765625 0.752717390625 0.314903846875 0.752717390625 0.2980769234375 0.7493206515625 0.2956730765625 0.676630434375 0.290865384375 0.6779891296875 0.306490384375 0.66983695625 0.322115384375 0.669157609375 0.3293269234375 0.6759510875 0.337740384375
1 0.7574728265624999 0.3076923078125 0.754755434375 0.3173076921875 0.758831521875 0.32451923125 0.7853260875 0.341346153125 0.8152173906250001 0.3425480765625 0.83016304375 0.337740384375 0.8451086953125 0.325721153125 0.8607336953125 0.3016826921875 0.8559782609375001 0.2920673078125 0.83016304375 0.2860576921875 0.7914402171875 0.2884615390625 0.7642663046875 0.2764423078125 0.7404891296875 0.2548076921875 0.73233695625 0.259615384375 0.731657609375 0.271634615625 0.737092390625 0.28485576875 0.754755434375 0.296875 0.7574728265624999 0.3076923078125
1 0.8627717390624999 0.299278846875 0.8600543484375001 0.310096153125 0.8559782609375001 0.3137019234375 0.8566576093749999 0.318509615625 0.8709239125 0.3329326921875 0.885869565625 0.34014423125 0.92391304375 0.34014423125 0.9436141296875 0.3269230765625 0.95516304375 0.310096153125 0.95516304375 0.2980769234375 0.9490489125 0.2920673078125 0.8899456515624999 0.28485576875 0.87296195625 0.27764423125 0.84578804375 0.256009615625 0.8267663046875 0.2584134609375 0.82608695625 0.263221153125 0.84171195625 0.2860576921875 0.86141304375 0.29326923125 0.8627717390624999 0.299278846875
1 0.35326087031250003 0.5084134609375 0.368206521875 0.521634615625 0.3892663046875 0.5324519234375 0.417119565625 0.53485576875 0.43682065156250005 0.5228365390625 0.44972826093749996 0.5048076921875 0.44972826093749996 0.490384615625 0.4375 0.478365384375 0.3947010875 0.4675480765625 0.356657609375 0.4375 0.3491847828125 0.4206730765625 0.3491847828125 0.3954326921875 0.34578804375 0.388221153125 0.3294836953125 0.3954326921875 0.3240489125 0.4074519234375 0.3240489125 0.4230769234375 0.332880434375 0.43509615312500005 0.34171195625 0.490384615625 0.35326087031250003 0.5084134609375
1 0.4456521734375 0.4699519234375 0.4476902171875 0.4831730765625 0.4572010875 0.5048076921875 0.477581521875 0.5264423078125 0.495244565625 0.5360576921875 0.5149456515625 0.537259615625 0.52921195625 0.528846153125 0.5414402171875 0.513221153125 0.5427989125 0.5012019234375 0.5387228265624999 0.493990384375 0.518342390625 0.4771634609375 0.493206521875 0.46394230781249995 0.46535326093749996 0.4387019234375 0.457880434375 0.4134615390625 0.4585597828125 0.400240384375 0.4456521734375 0.41826923125000004 0.4320652171875 0.4290865390625 0.4313858703125 0.43509615312500005 0.4470108703125 0.4387019234375 0.450407609375 0.443509615625 0.4456521734375 0.4699519234375
1 0.557744565625 0.46634615312500005 0.5584239125 0.490384615625 0.5679347828125 0.5108173078125 0.586956521875 0.5300480765625 0.6148097828125 0.540865384375 0.6419836953125 0.537259615625 0.6616847828125 0.521634615625 0.6711956515625 0.502403846875 0.6705163046875 0.4855769234375 0.6616847828125 0.478365384375 0.6440217390625 0.47235576874999996 0.6052989125 0.47115384687499995 0.5971467390625 0.459134615625 0.5883152171875 0.45793269218750005 0.5767663046875 0.44831730781249995 0.569293478125 0.4362980765625 0.565217390625 0.41947115312500005 0.5638586953125 0.3954326921875 0.557744565625 0.3954326921875 0.5482336953125 0.40625 0.544157609375 0.41947115312500005 0.5461956515625 0.4206730765625 0.54483695625 0.4387019234375 0.557744565625 0.46634615312500005
1 0.6508152171875 0.44230769218750005 0.6487771734375001 0.43389423125000004 0.6345108703125 0.42427884687499995 0.6168478265624999 0.44951923125000004 0.609375 0.4543269234375 0.6100543484375 0.459134615625 0.6311141296875 0.4675480765625 0.6460597828125 0.45673076874999996 0.6508152171875 0.44230769218750005
1 0.5563858703125 0.716346153125 0.5788043484375 0.747596153125 0.6080163046875 0.763221153125 0.637907609375 0.759615384375 0.6460597828125 0.75 0.6480978265624999 0.736778846875 0.6460597828125 0.7295673078125 0.6345108703125 0.71514423125 0.6413043484375 0.69110576875 0.6460597828125 0.6887019234375 0.65421195625 0.6646634609375 0.6548913046875 0.6105769234375 0.6501358703125 0.591346153125 0.643342390625 0.580528846875 0.6290760875 0.5829326921875 0.6263586953125 0.5925480765625 0.631793478125 0.606971153125 0.6127717390625 0.6394230765625 0.5944293484375 0.6514423078125 0.591032609375 0.6478365390625 0.5835597828125 0.653846153125 0.5625 0.6514423078125 0.56046195625 0.638221153125 0.5461956515625 0.63701923125 0.5414402171875 0.62860576875 0.5353260875 0.6334134609375 0.5326086953125 0.638221153125 0.5326086953125 0.662259615625 0.5461956515625 0.6826923078125 0.5563858703125 0.716346153125
1 0.461956521875 0.724759615625 0.4782608703125 0.7451923078125 0.4945652171875 0.756009615625 0.5149456515625 0.7584134609375 0.5366847828125 0.747596153125 0.5407608703125 0.73798076875 0.5407608703125 0.7259615390625 0.5326086953125 0.7139423078125 0.5298913046875 0.700721153125 0.5407608703125 0.6887019234375 0.5407608703125 0.681490384375 0.52921195625 0.65985576875 0.526494565625 0.643028846875 0.512907609375 0.640625 0.5033967390625 0.6514423078125 0.4728260875 0.65985576875 0.466032609375 0.6514423078125 0.4585597828125 0.6237980765625 0.4490489125 0.6262019234375 0.4415760875 0.6358173078125 0.44089673906250004 0.6610576921875 0.4476902171875 0.677884615625 0.45448369531250005 0.7079326921875 0.461956521875 0.724759615625
1 0.5482336953125 0.622596153125 0.551630434375 0.6009615390625 0.5482336953125 0.59735576875 0.544157609375 0.6021634609375 0.53328804375 0.5889423078125 0.524456521875 0.6105769234375 0.5237771734375001 0.631009615625 0.526494565625 0.6322115390625 0.5319293484375 0.6237980765625 0.5482336953125 0.622596153125
1 0.3788498640625 0.6490384609375 0.372282609375 0.640625 0.372282609375 0.653846153125 0.42051630468749995 0.70673076875 0.432744565625 0.700721153125 0.4456521734375 0.6802884609375 0.4375 0.653846153125 0.440217390625 0.6334134609375 0.455842390625 0.62139423125 0.45516304375 0.584134615625 0.43546195625 0.58173076875 0.426630434375 0.615384615625 0.4137228265625 0.6334134609375 0.3865489125 0.6490384609375 0.3788498640625 0.6490384609375
1 0.36888587031250003 0.7391826921875 0.395380434375 0.7608173078125 0.421875 0.756009615625 0.4313858703125 0.7487980765625 0.4313858703125 0.7271634609375 0.4157608703125 0.7019230765625 0.37296195625 0.6550480765625 0.36888587031250003 0.63701923125 0.3627717390625 0.634615384375 0.3491847828125 0.643028846875 0.35190217343749997 0.66826923125 0.350543478125 0.6923076921875 0.35326087031250003 0.7079326921875 0.36888587031250003 0.7391826921875
2 0.709918478125 0.5324519234375 0.7248641296875 0.5324519234375 0.741168478125 0.5204326921875 0.7493206515625 0.506009615625 0.7554347828125 0.4771634609375 0.7540760875 0.45552884687499995 0.7486413046875 0.43509615312500005 0.7357336953125 0.415865384375 0.7228260875 0.40985576874999996 0.7072010875 0.41105769218750005 0.692255434375 0.421875 0.680706521875 0.4447115390625 0.6773097828125 0.4699519234375 0.676630434375 0.4855769234375 0.684782609375 0.5084134609375 0.6970108703125 0.5264423078125 0.709918478125 0.5324519234375
2 0.7961956515625 0.5300480765625 0.8220108703125 0.533653846875 0.8315217390624999 0.528846153125 0.8444293484375001 0.509615384375 0.8498641296875 0.4927884609375 0.8498641296875 0.462740384375 0.8451086953125 0.44230769218750005 0.8362771734375001 0.4230769234375 0.82608695625 0.4134615390625 0.8125 0.40985576874999996 0.7982336953125 0.4134615390625 0.7819293484375 0.43269230781249995 0.7758152171875 0.45072115312500005 0.7737771734375001 0.4615384609375 0.7758152171875 0.4987980765625 0.7826086953125 0.5144230765625 0.7961956515625 0.5300480765625
2 0.8892663046875 0.5324519234375 0.9225543484375001 0.53125 0.9368206515624999 0.51201923125 0.942255434375 0.493990384375 0.9429347828125 0.46634615312500005 0.9388586953125 0.44831730781249995 0.9273097828125 0.42427884687499995 0.917119565625 0.415865384375 0.8994565218749999 0.41105769218750005 0.8845108703125 0.41826923125000004 0.8736413046875 0.431490384375 0.8654891296875 0.45673076874999996 0.8634510875 0.478365384375 0.8682065218749999 0.506009615625 0.8804347828125 0.5264423078125 0.8892663046875 0.5324519234375
2 0.6949728265624999 0.759615384375 0.705842390625 0.7644230765625 0.727581521875 0.763221153125 0.741168478125 0.75 0.75203804375 0.724759615625 0.7533967390625 0.693509615625 0.7513586953125 0.6802884609375 0.7445652171875 0.65985576875 0.73233695625 0.643028846875 0.6990489125 0.640625 0.6881793484375 0.650240384375 0.6779891296875 0.6706730765625 0.6711956515625 0.6947115390625 0.6752717390625 0.7235576921875 0.6813858703125 0.7415865390625 0.6949728265624999 0.759615384375
2 0.8029891296875 0.763221153125 0.8213315218749999 0.763221153125 0.8335597828125 0.756009615625 0.8444293484375001 0.740384615625 0.8512228265624999 0.7115384609375 0.8491847828125 0.68389423125 0.8423913046875 0.6610576921875 0.83016304375 0.6418269234375 0.8158967390624999 0.634615384375 0.799592390625 0.6358173078125 0.7866847828125 0.643028846875 0.7751358703125 0.6634615390625 0.7697010875 0.6887019234375 0.7690217390625 0.705528846875 0.7751358703125 0.734375 0.7866847828125 0.752403846875 0.8029891296875 0.763221153125
2 0.8933423906250001 0.7644230765625 0.9150815218749999 0.7644230765625 0.9273097828125 0.7572115390625 0.9368206515624999 0.7415865390625 0.9429347828125 0.716346153125 0.9415760875 0.6862980765625 0.9347826093749999 0.665865384375 0.9225543484375001 0.646634615625 0.9089673906250001 0.6394230765625 0.8879076093749999 0.640625 0.8763586953125 0.650240384375 0.8654891296875 0.671875 0.86141304375 0.6923076921875 0.8607336953125 0.7139423078125 0.8688858703125 0.740384615625 0.8811141296875 0.7572115390625 0.8933423906250001 0.7644230765625
2 0.89266304375 0.9795673078125 0.9123641296875 0.98076923125 0.9313858703125 0.9675480765625 0.9408967390624999 0.94951923125 0.9449728265624999 0.9290865390624999 0.9449728265624999 0.9050480765625 0.9388586953125 0.87860576875 0.9279891296875 0.859375 0.9177989125 0.8509615390624999 0.890625 0.8485576921875 0.8838315218749999 0.8521634609375001 0.8688858703125 0.8701923078125 0.859375 0.9014423078125 0.8607336953125 0.935096153125 0.8675271734375001 0.9543269234375 0.8756793484375001 0.9675480765625 0.89266304375 0.9795673078125
2 0.799592390625 0.98076923125 0.8199728265624999 0.981971153125 0.8342391296875 0.9735576921875 0.8444293484375001 0.9579326921875 0.8519021734375001 0.9290865390624999 0.8519021734375001 0.908653846875 0.8451086953125 0.8762019234375 0.8335597828125 0.85576923125 0.8226902171875 0.8485576921875 0.7982336953125 0.846153846875 0.7866847828125 0.8521634609375001 0.774456521875 0.8689903843750001 0.765625 0.8990384609375001 0.7663043484375 0.9326923078125 0.772418478125 0.9543269234375 0.78328804375 0.971153846875 0.799592390625 0.98076923125
2 0.696331521875 0.9783653843750001 0.72078804375 0.981971153125 0.73233695625 0.9759615390624999 0.7438858703125 0.9615384609375001 0.75203804375 0.9375 0.75203804375 0.8954326921875 0.747282609375 0.877403846875 0.73641304375 0.85576923125 0.7241847828125 0.84735576875 0.7085597828125 0.8449519234375 0.68953804375 0.8521634609375001 0.6793478265624999 0.8653846156249999 0.6684782609375 0.8954326921875 0.6684782609375 0.92548076875 0.6732336953125 0.9483173078125 0.6820652171875 0.966346153125 0.696331521875 0.9783653843750001
2 0.596467390625 0.9771634609375001 0.6175271734375001 0.9759615390624999 0.631793478125 0.966346153125 0.6419836953125 0.950721153125 0.6480978265624999 0.9266826921875 0.6487771734375001 0.9014423078125 0.6440217390625 0.872596153125 0.6345108703125 0.8545673078125 0.62296195625 0.84375 0.598505434375 0.841346153125 0.5883152171875 0.8449519234375 0.5699728265624999 0.8689903843750001 0.56453804375 0.893028846875 0.5638586953125 0.9206730765625 0.5720108703125 0.955528846875 0.5788043484375 0.966346153125 0.596467390625 0.9771634609375001
2 0.48573369531250005 0.9735576921875 0.5 0.9735576921875 0.515625 0.96514423125 0.52921195625 0.9423076921875 0.5366847828125 0.90985576875 0.536005434375 0.8858173078125 0.5305706515625 0.8641826921875 0.5210597828125 0.84735576875 0.5081521734375001 0.8389423078125 0.48573369531250005 0.8389423078125 0.46875 0.8509615390624999 0.4572010875 0.877403846875 0.45380434843749995 0.89423076875 0.45380434843749995 0.924278846875 0.4612771734375 0.950721153125 0.47078804375 0.96514423125 0.48573369531250005 0.9735576921875
2 0.377717390625 0.9759615390624999 0.39673912968749997 0.9759615390624999 0.413043478125 0.966346153125 0.42323369531250005 0.950721153125 0.4313858703125 0.921875 0.4313858703125 0.8954326921875 0.426630434375 0.8701923078125 0.4177989125 0.8509615390624999 0.40421195625 0.84014423125 0.383831521875 0.8389423078125 0.36888587031250003 0.8449519234375 0.3559782609375 0.8665865390624999 0.348505434375 0.8954326921875 0.348505434375 0.9278846156249999 0.35326087031250003 0.94951923125 0.3627717390625 0.966346153125 0.377717390625 0.9759615390624999