0 0.47547169843750003 0.37894736875 0.4981132078125 0.3842105265625 0.55471698125 0.3157894734375 0.661007546875 0.2748578953125 0.6597471703125 0.136173684375 0.629558490625 0.07473157968750001 0.52138490625 0.015047368750000002 0.455973584375 0.060689473437499995 0.4232716984375 0.0922842109375 0.40754717031250004 0.21578947343750002 0.422641509375 0.3 0.47547169843750003 0.37894736875
0 0.9509433968750001 0.3947368421875 0.9735849062499999 0.289473684375 0.9622641515625 0.1947368421875 0.9320754718750001 0.131578946875 0.8566037734374999 0.1 0.8522000000000001 0.0922842109375 0.829558490625 0.0940421046875 0.786792453125 0.09755263125 0.7339622640625 0.12388421093749999 0.6899358484375 0.2590578953125 0.6792452828125 0.3052631578125 0.77358490625 0.43684210468750007 0.86415094375 0.37894736875 0.9509433968750001 0.3947368421875
0 0.2377358484375 0.7631578953125 0.24528301875 0.6789473687500001 0.23018867968749998 0.5947368421875 0.203773584375 0.5315789468750001 0.1433962265625 0.468421053125 0.049056603125 0.4526315796875 0.0037735843749999998 0.47894736875 0 0.9 0.04528301875 0.9157894734375001 0.1433962265625 0.9 0.2377358484375 0.7631578953125
0 0.8528301890625001 0.7842105265625 0.8471698109375 0.7558631578125 0.82578490625 0.7049526312500001 0.713207546875 0.631578946875 0.6566037734375 0.6368421046875 0.5622641515625 0.710526315625 0.532075471875 0.768421053125 0.5169811328125 0.8473684203125 0.5207547171875 0.92105263125 0.82641509375 0.92105263125 0.8603773578125 0.8684210531250001 0.8528301890625001 0.7842105265625
0 0.203773584375 0.3736842109375 0.2113207546875 0.2842105265625 0.1660377359375 0.1842105265625 0.086792453125 0.1578947375 0.022641509375 0.189473684375 0 0.21578947343750002 0.0037735843749999998 0.4052631578125 0.06792452812500001 0.3631578953125 0.203773584375 0.3736842109375
0 0.505660378125 0.9052631578125 0.494339621875 0.789473684375 0.449056603125 0.731578946875 0.41132075468749996 0.7157894734375 0.2981132078125 0.7578947375 0.2566037734375 0.8368421046875 0.2528301890625 0.9 0.26415094375 0.9157894734375001 0.467924528125 0.92105263125 0.505660378125 0.9052631578125
0 0.5094339625 0.8315789468749999 0.558490565625 0.7052631578125 0.558490565625 0.668421053125 0.5283018875 0.6 0.494339621875 0.5578947375000001 0.43396226406249994 0.5263157890625 0.35471698125 0.5421052625 0.30188679218750003 0.6368421046875 0.2981132078125 0.7473684203125 0.40754717031250004 0.7052631578125 0.467924528125 0.7421052625 0.5094339625 0.8315789468749999
0 0.3698113203125 0.5263157890625 0.46415094375 0.5052631578125 0.471067925 0.39247894687499996 0.4150943390625 0.310526315625 0.313207546875 0.310526315625 0.241509434375 0.37894736875 0.2377358484375 0.3947368421875 0.286792453125 0.4526315796875 0.305660378125 0.57894736875 0.3698113203125 0.5263157890625
0 0.1849056609375 0 0.1660377359375 0.042105262500000004 0.16226415156250001 0.1421052625 0.2339622640625 0.2842105265625 0.2981132078125 0.310526315625 0.35471698125 0.289473684375 0.381132075 0.2473684203125 0.394339621875 0.1660157890625 0.4 0.089473684375 0.3698113203125 0 0.1849056609375 0
0 0.7433962265625 0.6 0.7660377359375 0.4526315796875 0.7433962265625 0.389473684375 0.6754716984375 0.3157894734375 0.5660377359375001 0.3157894734375 0.513207546875 0.37894736875 0.4905660375 0.43684210468750007 0.494339621875 0.5473684203125 0.57358490625 0.6578947375 0.7283018875 0.62105263125 0.7433962265625 0.6
0 0.996226415625 0.6157894734375 0.996226415625 0.468421053125 0.9283018875 0.3947368421875 0.8905660375 0.3842105265625 0.82641509375 0.4052631578125 0.7886792453125 0.43684210468750007 0.7660377359375 0.48947368437499994 0.7660377359375 0.6421052625 0.86415094375 0.7631578953125 0.9018867921875 0.689473684375 0.996226415625 0.6157894734375
0 0.20754717031249997 0.5263157890625 0.24905660312500003 0.668421053125 0.24528301875 0.7526315796875 0.22641509375000002 0.8052631578125 0.286792453125 0.7368421046875 0.29433962187499996 0.48947368437499994 0.26415094375 0.4263157890625 0.21509433906250003 0.3842105265625 0.158490565625 0.3736842109375 0.0603773578125 0.37894736875 0.0150943390625 0.4263157890625 0.0113207546875 0.46315789531249996 0.056603773437500005 0.4421052625 0.1283018875 0.45789473750000004 0.20754717031249997 0.5263157890625
0 0 0 0 0.2052631578125 0.056603773437500005 0.1578947375 0.150943396875 0.1421052625 0.150943396875 0 0 0
0 0.7471698109375 0.11578947343749998 0.7886792453125 0.0947368421875 0.8792452828125 0.0947368421875 0.9245283015625001 0.11578947343749998 0.9283018875 0.07368421093750001 0.8792452828125 0.031578946875 0.8075471703125 0.021052631250000002 0.750943396875 0.0526315796875 0.6981132078125001 0.15263157968750002 0.694339621875 0.1947368421875 0.7094339625 0.2 0.7245283015624999 0.1368421046875 0.7471698109375 0.11578947343749998
0 0.9509433968750001 0 0.93584905625 0.0263157890625 0.9320754718750001 0.12105263125000001 0.9698113203125001 0.210526315625 0.996226415625 0.23157894687499997 0.996226415625 0 0.9509433968750001 0
0 0.53584905625 0 0.53584905625 0.021052631250000002 0.6559735843750001 0.1309052625 0.6874226421875 0.118621053125 0.8 0 0.53584905625 0
0 0 0 0 0.2052631578125 0.056603773437500005 0.1578947375 0.150943396875 0.1368421046875 0.150943396875 0 0 0