0 0.2741312734375 0.2268041234375 0.2509652515625 0.164948453125 0.19305019375000002 0.164948453125 0.166023165625 0.201030928125 0.16216216249999998 0.2525773203125 0.18146718125 0.298969071875 0.2702702703125 0.298969071875 0.2741312734375 0.2268041234375
0 0.4169884171875 0.261670103125 0.409266409375 0.201030928125 0.35750193124999996 0.147087628125 0.308880309375 0.164948453125 0.297297296875 0.19072165000000002 0.308880309375 0.2474226796875 0.37466023125 0.32583505156250003 0.4169884171875 0.261670103125
0 0.395250965625 0.5916649484375001 0.3667953671875 0.5257731953125 0.3011583015625 0.463917525 0.25482625468750003 0.47938144375 0.2084942078125 0.5618556703124999 0.20077219999999998 0.6288659796875 0.25482625468750003 0.654639175 0.33976833906250004 0.654639175 0.395250965625 0.5916649484375001
0 0.558845559375 0.202087628125 0.5019305015625 0.19072165000000002 0.46718146718750003 0.24226804062500001 0.47189961406250003 0.342639175 0.5679961390625 0.330417525 0.5791505796875 0.2680412375 0.558845559375 0.202087628125
0 0.699555984375 0.229587628125 0.6892625484375 0.166948453125 0.6486486484375 0.1391752578125 0.60617760625 0.13402061875 0.5576988421875 0.166948453125 0.5830115828125 0.2731958765625 0.5984555984375 0.28865979375 0.6721003859375 0.269309278125 0.699555984375 0.229587628125
0 0.751038609375 0.12570103125 0.702702703125 0.1701030921875 0.6961235515624999 0.261670103125 0.7750617765625 0.2998659796875 0.828830115625 0.14861855625 0.751038609375 0.12570103125
0 0.61375675625 0.7841649484375 0.6846833984375 0.778051546875 0.681250965625 0.7276340203125 0.6795366796875 0.69072165 0.6679536671874999 0.6185567015625 0.6138996140625 0.5618556703124999 0.55598455625 0.5773195875 0.5173745171874999 0.644329896875 0.5135135140625 0.6855670109374999 0.5291003859375001 0.7215257734375 0.53253281875 0.7826340203125 0.61375675625 0.7841649484375
2 0.5256679531249999 0.7918041234375 0.5135135140625 0.7061855671874999 0.48562934375 0.6390257734375 0.4398687265625 0.6466649484375 0.40540540468749997 0.67525773125 0.3976833984375 0.721649484375 0.4021158296875 0.7887474234375 0.45016602343749995 0.808608246875 0.5256679531249999 0.7918041234375
2 0.511942084375 0.5855567015625 0.51766023125 0.5565257734375 0.5096525093750001 0.530927834375 0.48906177656249994 0.4831958765625 0.43643629375000004 0.4755567015625 0.395250965625 0.5351391750000001 0.40154440156250004 0.5876288656249999 0.42270656406249996 0.628329896875 0.478764478125 0.635969071875 0.511942084375 0.5855567015625
2 0.8262548265625 0.69072165 0.7876447875 0.6288659796875 0.7335907328125 0.6288659796875 0.70656370625 0.6597938140624999 0.6949806953125 0.7887474234375 0.794509653125 0.8101340203125 0.841413128125 0.7643041234375 0.8262548265625 0.69072165
1 0.3011583015625 0.3608247421875 0.43643629375000004 0.43889175312499995 0.5135135140625 0.4175257734375 0.54440154375 0.38659793750000004 0.61146718125 0.4205567015625 0.652652509375 0.386948453125 0.6370656375 0.35567010312499997 0.60617760625 0.335051546875 0.42471042499999995 0.335051546875 0.3513513515625 0.298969071875 0.3050193046875 0.24226804062500001 0.29114671875 0.14861855625 0.29343629375 0.09278350468749999 0.2702702703125 0.09278350468749999 0.2671235515625 0.147087628125 0.28085328125000003 0.2509742265625 0.277992278125 0.3144329890625 0.3011583015625 0.3608247421875
1 0.6949806953125 0.5154639171875 0.752895753125 0.489690721875 0.8093822390625001 0.44653092812499995 0.8455598453125001 0.34020618593749996 0.8725868718750001 0.24226804062500001 0.86872586875 0.164948453125 0.8532818531249999 0.154639175 0.8108108109375 0.201030928125 0.71814671875 0.40721649531250004 0.6640926640625 0.4278350515625 0.6229073359374999 0.43277835 0.5416833984375 0.39611340156249997 0.5279575296875 0.414448453125 0.6057490343749999 0.467917525 0.6447876453125 0.510309278125 0.6949806953125 0.5154639171875
1 0.864864865625 0.5876288656249999 0.8880308875 0.52061855625 0.891749034375 0.48166494843749996 0.8803088796875 0.4175257734375 0.8378378375000001 0.376288659375 0.8146718140625 0.3917525765625 0.8030888031250001 0.510309278125 0.7567567562499999 0.5412371140625 0.625482625 0.5257731953125 0.5791505796875 0.469072165625 0.5482625484375 0.45876288593750003 0.60617760625 0.5515463921875 0.702702703125 0.6391752578125 0.8301158296875 0.6288659796875 0.864864865625 0.5876288656249999
1 0.3706563703125 0.721649484375 0.40154440156250004 0.67525773125 0.40154440156250004 0.6597938140624999 0.2509652515625 0.6597938140624999 0.16216216249999998 0.6134020625 0.1235521234375 0.5257731953125 0.15057915 0.40721649531250004 0.1235521234375 0.412371134375 0.10810810781249999 0.489690721875 0.0424710421875 0.5515463921875 0.031459459375 0.605417525 0.0424710421875 0.6597938140624999 0.10038609999999999 0.7319587624999999 0.3706563703125 0.721649484375
2 0.389961390625 0.412371134375 0.3629343625 0.38144329843749997 0.308880309375 0.3711340203125 0.28571428593750003 0.40721649531250004 0.28185328125 0.453608246875 0.359073359375 0.510309278125 0.38610038593749996 0.4845360828125 0.389961390625 0.412371134375
2 0.2702702703125 0.3969072171875 0.2741312734375 0.35567010312499997 0.2509652515625 0.30927835 0.21235521249999997 0.298969071875 0.1698841703125 0.335051546875 0.166023165625 0.38144329843749997 0.18918918906249999 0.4226804125 0.2659806953125 0.4281958765625 0.2702702703125 0.3969072171875
2 0.258687259375 0.4278350515625 0.227799228125 0.4278350515625 0.1698841703125 0.47938144375 0.1737451734375 0.530927834375 0.2046332046875 0.5515463921875 0.2741312734375 0.4484536078125 0.258687259375 0.4278350515625
2 0.4980694984375 0.1855670109375 0.4826254828125 0.164948453125 0.428571428125 0.17525773125 0.4169884171875 0.2371134015625 0.4324324328125 0.2731958765625 0.459459459375 0.278350515625 0.4980694984375 0.1855670109375
2 0.70756370625 0.3380567015625 0.707057915625 0.3083041234375 0.691119690625 0.28865979375 0.6679536671874999 0.2731958765625 0.6177606171875001 0.298969071875 0.6120463328125 0.33118556718750003 0.652509653125 0.3917525765625 0.6972702703125 0.397639175 0.70756370625 0.3380567015625