0 0.315217390625 0.3016826921875 0.3288043484375 0.3052884609375 0.3580163046875 0.302884615625 0.364130434375 0.296875 0.37296195625 0.27764423125 0.3790760875 0.23076923124999998 0.37296195625 0.19110576875000002 0.364130434375 0.1730769234375 0.34171195625 0.15985576875000002 0.341032609375 0.1478365390625 0.330842390625 0.1646634609375 0.3125 0.1730769234375 0.2982336953125 0.205528846875 0.2961956515625 0.2259615390625 0.2982336953125 0.2644230765625 0.30638587031250003 0.287259615625 0.315217390625 0.3016826921875
0 0.2350543484375 0.3016826921875 0.270380434375 0.302884615625 0.276494565625 0.299278846875 0.286005434375 0.27764423125 0.2927989125 0.24399038437499998 0.290081521875 0.2103365390625 0.2826086953125 0.1887019234375 0.2710597828125 0.177884615625 0.2540760875 0.171875 0.23641304375 0.177884615625 0.22350543437499998 0.1887019234375 0.2133152171875 0.2235576921875 0.211956521875 0.24038461562500002 0.2180706515625 0.2704326921875 0.2269021734375 0.294471153125 0.2350543484375 0.3016826921875
0 0.38451087031250003 0.25360576875 0.3919836953125 0.2800480765625 0.4021739125 0.2956730765625 0.44089673906250004 0.294471153125 0.45176630468749995 0.27764423125 0.4612771734375 0.2451923078125 0.461956521875 0.21875 0.4585597828125 0.1959134609375 0.44972826093749996 0.1766826921875 0.434782609375 0.1670673078125 0.40828804375 0.16826923124999998 0.4008152171875 0.1730769234375 0.3919836953125 0.18389423124999998 0.383831521875 0.20913461562500002 0.3872282609375 0.234375 0.38451087031250003 0.2391826921875 0.3872282609375 0.24399038437499998 0.38451087031250003 0.25360576875
0 0.1813858703125 0.306490384375 0.19225543437499998 0.302884615625 0.20040760937500002 0.2896634609375 0.2085597828125 0.2608173078125 0.20923912968749997 0.2512019234375 0.2024456515625 0.2327728359375 0.2024456515625 0.21995192343749997 0.2065217390625 0.21514423124999998 0.2017663046875 0.197115384375 0.194293478125 0.1875 0.16983695625 0.17548076875000002 0.1440217390625 0.189903846875 0.131793478125 0.2259615390625 0.1311141296875 0.247596153125 0.1345108703125 0.2728365390625 0.14877717343750002 0.3040865390625 0.1813858703125 0.306490384375
0 0.08355978281250001 0.30048076875 0.10801630468750001 0.2980769234375 0.11413043437499999 0.294471153125 0.12364130468750001 0.275240384375 0.12432065156250001 0.205528846875 0.1154891296875 0.1887019234375 0.09171195625 0.177884615625 0.0699728265625 0.1826923078125 0.060461956250000004 0.1947115390625 0.052989129687500004 0.22235576875000002 0.053668478124999995 0.26201923125 0.057065217187499996 0.27764423125 0.06521739062500001 0.294471153125 0.08355978281250001 0.30048076875
0 0.305706521875 0 0.303668478125 0.009615384375 0.3023097828125 0.028846153125000003 0.30638587031250003 0.057692307812499996 0.3118206515625 0.07451923125 0.321331521875 0.09014423125 0.362092390625 0.091346153125 0.362092390625 0.0793269234375 0.366168478125 0.075721153125 0.3743206515625 0.049278846875 0.375 0 0.305706521875 0
0 0.2330163046875 0 0.227581521875 0.0204326921875 0.2289402171875 0.05048076875 0.2357336953125 0.06850961562499999 0.24728260937500002 0.0829326921875 0.2466032609375 0.091346153125 0.2819293484375 0.091346153125 0.2961956515625 0.057692307812499996 0.2955163046875 0 0.2330163046875 0
0 0.383831521875 0 0.38247282656250003 0.009615384375 0.38315217343749997 0.036057692187500004 0.387907609375 0.060096153124999996 0.3947010875 0.075721153125 0.40421195625 0.078125 0.40760869531250005 0.08413461562499999 0.432744565625 0.0829326921875 0.442255434375 0.0769230765625 0.45108695625 0.056490384375 0.45652173906250004 0.0264423078125 0.45448369531250005 0 0.383831521875 0
0 0.04483695625 0 0.0461956515625 0.013221153125 0.0346467390625 0.033653846875 0.0394021734375 0.06850961562499999 0.048233695312500005 0.08173076875 0.0815217390625 0.078125 0.09103260937499999 0.064903846875 0.0923913046875 0 0.04483695625 0
0 0.48641304375 0.29326923125 0.495244565625 0.290865384375 0.49796195625 0.24879807656250003 0.497282609375 0.1802884609375 0.4884510875 0.1790865390625 0.4748641296875 0.1887019234375 0.46875 0.205528846875 0.47010869531250005 0.271634615625 0.4741847828125 0.278846153125 0.481657609375 0.28125 0.48641304375 0.29326923125
0 0.1725543484375 0.02764423125 0.1813858703125 0.0384615390625 0.1868206515625 0.025240384375 0.1813858703125 0.021634615625 0.1725543484375 0.02764423125
0 0.4157608703125 0.533653846875 0.4626358703125 0.521634615625 0.4741847828125 0.4915865390625 0.4769021734375 0.46875 0.475543478125 0.4387019234375 0.46942934843749995 0.41706730781249995 0.45448369531250005 0.400240384375 0.43953804375 0.3954326921875 0.4116847828125 0.3990384609375 0.403532609375 0.4050480765625 0.39266304375 0.42427884687499995 0.387907609375 0.4519230765625 0.387907609375 0.4771634609375 0.3947010875 0.506009615625 0.40489130468749995 0.5264423078125 0.4157608703125 0.533653846875
0 0.315217390625 0.4699519234375 0.2982336953125 0.50360576875 0.3084239125 0.5072115390625 0.3288043484375 0.52764423125 0.3471467390625 0.5264423078125 0.3586956515625 0.518028846875 0.3709239125 0.49639423125000004 0.37703804375 0.46875 0.37703804375 0.4447115390625 0.372282609375 0.4206730765625 0.364130434375 0.40384615312500005 0.34578804375 0.3894230765625 0.32608695625 0.38701923125 0.309782609375 0.3954326921875 0.2975543484375 0.41706730781249995 0.292119565625 0.44110576874999996 0.2914402171875 0.45793269218750005 0.305706521875 0.4459134609375 0.31997282656250003 0.443509615625 0.315217390625 0.4699519234375
0 0.1616847828125 0.5264423078125 0.1705163046875 0.5108173078125 0.178668478125 0.478365384375 0.17934782656249998 0.453125 0.17663043437499998 0.431490384375 0.16983695625 0.4146634609375 0.1569293484375 0.40264423125000004 0.1365489125 0.40144230781249995 0.11141304375000001 0.4134615390625 0.102581521875 0.42668269218750005 0.09578804375 0.44951923125000004 0.0951086953125 0.4831730765625 0.11209239062500001 0.49759615312500005 0.1304347828125 0.533653846875 0.1616847828125 0.5264423078125
0 0.24592391249999998 0.5360576921875 0.2554347828125 0.5300480765625 0.272418478125 0.506009615625 0.2758152171875 0.49759615312500005 0.27921195625 0.4699519234375 0.272418478125 0.4362980765625 0.26766304375 0.42668269218750005 0.2622282609375 0.44110576874999996 0.2357336953125 0.41947115312500005 0.2038043484375 0.42668269218750005 0.1970108703125 0.4375 0.18953804375 0.47235576874999996 0.19225543437499998 0.4987980765625 0.1997282609375 0.51923076875 0.227581521875 0.5360576921875 0.24592391249999998 0.5360576921875
0 0.049592390624999996 0.65264423125 0.059782609375 0.65625 0.0631793484375 0.6766826921875 0.0794836953125 0.697115384375 0.08831521718749999 0.700721153125 0.10190217343750001 0.693509615625 0.1127717390625 0.697115384375 0.1256793484375 0.693509615625 0.137907609375 0.671875 0.14266304375 0.650240384375 0.1528532609375 0.6574519234375 0.16100543437499998 0.6766826921875 0.171875 0.689903846875 0.18953804375 0.6947115390625 0.19225543437499998 0.6862980765625 0.1915760875 0.6670673078125 0.19497282656249998 0.662259615625 0.23641304375 0.63701923125 0.2398097828125 0.5853365390625 0.23233695625 0.5540865390625 0.2241847828125 0.5360576921875 0.211956521875 0.5264423078125 0.1875 0.5228365390625 0.16440217343750002 0.53485576875 0.1548913046875 0.5480769234375 0.1501358703125 0.5612980765625 0.140625 0.5516826921875 0.1311141296875 0.5540865390625 0.12364130468750001 0.5480769234375 0.11480978281250001 0.5480769234375 0.1059782609375 0.552884615625 0.0978260875 0.56610576875 0.08355978281250001 0.5576923078125 0.0631793484375 0.5637019234375 0.061141304687499995 0.587740384375 0.052309782812500004 0.5949519234375 0.0550271734375 0.599759615625 0.052989129687500004 0.6105769234375 0.0475543484375 0.61298076875 0.04891304375 0.6262019234375 0.046875 0.638221153125 0.04891304375 0.6394230765625 0.049592390624999996 0.65264423125
0 0.09578804375 0.8810096156249999 0.11480978281250001 0.8822115390624999 0.131793478125 0.872596153125 0.1392663046875 0.856971153125 0.14538043437499998 0.82451923125 0.1447010875 0.77764423125 0.13858695625 0.7572115390625 0.13247282656249998 0.75 0.08831521718749999 0.7512019234375 0.0794836953125 0.7608173078125 0.071331521875 0.77764423125 0.067255434375 0.796875 0.0665760875 0.8185096156249999 0.0706521734375 0.846153846875 0.08084239062500001 0.8689903843750001 0.09578804375 0.8810096156249999
0 0.42323369531250005 0.8798076921875 0.4375 0.8834134609375001 0.45448369531250005 0.8798076921875 0.4646739125 0.8701923078125 0.475543478125 0.8449519234375 0.4782608703125 0.8064903843750001 0.4748641296875 0.7824519234375 0.466032609375 0.76201923125 0.45516304375 0.7512019234375 0.41983695625 0.7512019234375 0.40760869531250005 0.763221153125 0.39877717343749997 0.790865384375 0.395380434375 0.8173076921875 0.399456521875 0.8365384609375001 0.40557065156250005 0.856971153125 0.42323369531250005 0.8798076921875
0 0.34375 0.8846153843750001 0.36684782656250003 0.8846153843750001 0.3783967390625 0.877403846875 0.38858695625 0.856971153125 0.3919836953125 0.841346153125 0.3919836953125 0.8076923078125 0.387907609375 0.787259615625 0.3756793484375 0.7644230765625 0.36141304375 0.756009615625 0.334918478125 0.752403846875 0.3226902171875 0.765625 0.3158967390625 0.7860576921875 0.31453804375 0.8221153843750001 0.3165760875 0.841346153125 0.330842390625 0.877403846875 0.34375 0.8846153843750001
0 0.17391304375 0.8762019234375 0.18546195625 0.8810096156249999 0.2017663046875 0.87860576875 0.2153532609375 0.8665865390624999 0.22486412968749997 0.8449519234375 0.22826087031250003 0.8028846156249999 0.22486412968749997 0.77764423125 0.2201086953125 0.7668269234375 0.20108695625 0.7512019234375 0.171875 0.75360576875 0.15828804375 0.7728365390625 0.1508152171875 0.8016826921875 0.15149456562500002 0.8137019234375 0.14877717343750002 0.8173076921875 0.1576086953125 0.856971153125 0.17391304375 0.8762019234375
0 0.2819293484375 0.8846153843750001 0.294157609375 0.8762019234375 0.30298912968749997 0.8605769234375 0.31046195625 0.8221153843750001 0.307744565625 0.8185096156249999 0.309782609375 0.810096153125 0.3023097828125 0.778846153125 0.2975543484375 0.775240384375 0.2961956515625 0.7644230765625 0.2826086953125 0.756009615625 0.2615489125 0.756009615625 0.24388587031250003 0.76923076875 0.2357336953125 0.7824519234375 0.2336956515625 0.80048076875 0.2357336953125 0.85576923125 0.25 0.8798076921875 0.25815217343749997 0.8834134609375001 0.2819293484375 0.8846153843750001
2 0.67391304375 0.3076923078125 0.6976902171875 0.30889423125 0.7092391296875 0.302884615625 0.71671195625 0.290865384375 0.725543478125 0.259615384375 0.7241847828125 0.21995192343749997 0.71875 0.20432692343749997 0.707880434375 0.1887019234375 0.694293478125 0.18389423124999998 0.6684782609375 0.1887019234375 0.6576086953125 0.20432692343749997 0.651494565625 0.2235576921875 0.6487771734375001 0.24879807656250003 0.653532609375 0.2764423078125 0.6657608703125 0.3016826921875 0.67391304375 0.3076923078125
2 0.772418478125 0.30889423125 0.786005434375 0.3052884609375 0.8029891296875 0.2740384609375 0.8070652171875 0.247596153125 0.8050271734375001 0.22475961562500002 0.79483695625 0.1959134609375 0.7866847828125 0.1875 0.7506793484375 0.1875 0.73641304375 0.20673076875000002 0.7336956515625 0.22235576875000002 0.734375 0.27764423125 0.7418478265624999 0.294471153125 0.75203804375 0.306490384375 0.772418478125 0.30889423125
2 0.5427989125 0.3052884609375 0.5523097828125 0.2980769234375 0.5631793484375 0.27764423125 0.5611413046875 0.2512019234375 0.5625 0.20432692343749997 0.5665760875 0.200721153125 0.5611413046875 0.1875 0.54483695625 0.1766826921875 0.52921195625 0.1766826921875 0.518342390625 0.1862980765625 0.5095108703125 0.1862980765625 0.49864130468749995 0.20432692343749997 0.49932065156250005 0.287259615625 0.5081521734375001 0.3016826921875 0.5190217390625 0.306490384375 0.5427989125 0.3052884609375
2 0.8362771734375001 0.306490384375 0.8654891296875 0.302884615625 0.8804347828125 0.275240384375 0.885869565625 0.24879807656250003 0.885869565625 0.234375 0.8804347828125 0.2103365390625 0.8722826093749999 0.193509615625 0.8580163046875 0.18389423124999998 0.8491847828125 0.181490384375 0.8274456515624999 0.1887019234375 0.8179347828125 0.20192307656250003 0.8125 0.2235576921875 0.8125 0.263221153125 0.8152173906250001 0.278846153125 0.8288043484375001 0.302884615625 0.8362771734375001 0.306490384375
2 0.598505434375 0.3076923078125 0.622282609375 0.306490384375 0.631793478125 0.2980769234375 0.6399456515625 0.2800480765625 0.6399456515625 0.20432692343749997 0.6304347828125 0.1887019234375 0.6154891296875 0.185096153125 0.588994565625 0.1887019234375 0.5774456515625 0.20673076875000002 0.5706521734375001 0.231971153125 0.5706521734375001 0.2548076921875 0.575407609375 0.2764423078125 0.591032609375 0.3040865390625 0.598505434375 0.3076923078125
2 0.9375 0.299278846875 0.948369565625 0.290865384375 0.9558423906250001 0.275240384375 0.9599184781250001 0.2584134609375 0.9612771734375001 0.234375 0.9572010875 0.205528846875 0.9524456515624999 0.200721153125 0.9497282609375001 0.1887019234375 0.9300271734375001 0.1862980765625 0.9184782609375001 0.1790865390625 0.8994565218749999 0.1887019234375 0.8913043484375001 0.205528846875 0.890625 0.263221153125 0.9021739125 0.294471153125 0.9144021734375001 0.3016826921875 0.9375 0.299278846875
2 0.8824728265624999 0 0.8817934781250001 0.0036057687499999997 0.8682065218749999 0 0.8668478265624999 0.01201923125 0.8668478265624999 0.044471153125 0.8709239125 0.05889423125 0.8824728265624999 0.061298076562500005 0.8919836953125 0.0829326921875 0.9028532609375001 0.091346153125 0.9225543484375001 0.0925480765625 0.93546195625 0.08533653906250001 0.9436141296875 0.07091346093749999 0.95108695625 0.042067307812499996 0.9517663046875 0.025240384375 0.948369565625 0 0.8824728265624999 0
2 0.5169836953125 0 0.5115489125 0.01923076875 0.512907609375 0.05889423125 0.5271739125 0.091346153125 0.546875 0.0925480765625 0.5638586953125 0.08774038437500001 0.569293478125 0.078125 0.5747282609375 0.075721153125 0.58016304375 0.0637019234375 0.584918478125 0.028846153125000003 0.5835597828125 0.01201923125 0.5788043484375 0 0.5169836953125 0
2 0.600543478125 0 0.5971467390625 0.015625 0.596467390625 0.028846153125000003 0.6012228265624999 0.0673076921875 0.616168478125 0.091346153125 0.6460597828125 0.091346153125 0.6521739125 0.08653846093749999 0.665081521875 0.057692307812499996 0.6677989125 0.028846153125000003 0.663043478125 0 0.600543478125 0
2 0.6997282609375 0.08774038437500001 0.7112771734375001 0.0925480765625 0.731657609375 0.091346153125 0.7506793484375 0.060096153124999996 0.7554347828125 0.028846153125000003 0.754755434375 0.013221153125 0.7506793484375 0 0.6881793484375 0.002403846875 0.684782609375 0.0204326921875 0.68546195625 0.0480769234375 0.68953804375 0.0673076921875 0.6997282609375 0.08774038437500001
2 0.8566576093749999 0.07091346093749999 0.8586956515624999 0 0.796875 0.002403846875 0.7982336953125 0.06850961562499999 0.8125 0.091346153125 0.8423913046875 0.091346153125 0.8566576093749999 0.07091346093749999
2 0.9307065218749999 0.9987980765625 0.9293478265624999 0.9639423078125 0.9211956515624999 0.9387019234375 0.9150815218749999 0.9314903843750001 0.9150815218749999 0.921875 0.9177989125 0.919471153125 0.9123641296875 0.908653846875 0.77921195625 0.90985576875 0.776494565625 0.924278846875 0.7778532609375 0.9543269234375 0.7730978265624999 0.9759615390624999 0.774456521875 0.9987980765625 0.9307065218749999 0.9987980765625
2 0.8845108703125 0.6490384609375 0.879755434375 0.6610576921875 0.8838315218749999 0.677884615625 0.9048913046875 0.697115384375 0.9191576093749999 0.700721153125 0.9347826093749999 0.6947115390625 0.9463315218749999 0.6826923078125 0.9585597828125 0.6478365390625 0.9605978265624999 0.627403846875 0.9524456515624999 0.580528846875 0.9347826093749999 0.5540865390625 0.9157608703125 0.5540865390625 0.8933423906250001 0.5793269234375 0.87703804375 0.6165865390625 0.8763586953125 0.6237980765625 0.8831521734375001 0.6298076921875 0.8845108703125 0.638221153125 0.8845108703125 0.6490384609375
2 0.776494565625 0.8641826921875 0.783967390625 0.87860576875 0.7934782609375 0.888221153125 0.8131793484375001 0.890625 0.8267663046875 0.888221153125 0.8430706515624999 0.872596153125 0.84578804375 0.84375 0.8491847828125 0.8377403843750001 0.8491847828125 0.8233173078125 0.84375 0.7896634609375 0.8335597828125 0.7740384609375 0.823369565625 0.765625 0.78328804375 0.7668269234375 0.7805706515625 0.775240384375 0.7710597828125 0.7824519234375 0.7730978265624999 0.8040865390624999 0.770380434375 0.825721153125 0.7717391296875 0.841346153125 0.776494565625 0.8641826921875
2 0.8586956515624999 0.8197115390624999 0.8586956515624999 0.8389423078125 0.854619565625 0.84735576875 0.8620923906250001 0.872596153125 0.8777173906250001 0.88701923125 0.8865489125 0.888221153125 0.90421195625 0.88701923125 0.9191576093749999 0.872596153125 0.9259510875 0.8545673078125 0.9293478265624999 0.828125 0.9279891296875 0.8052884609375001 0.9205163046875 0.78125 0.9035326093749999 0.763221153125 0.8586956515624999 0.768028846875 0.8586956515624999 0.7800480765625 0.8512228265624999 0.810096153125 0.85733695625 0.8125 0.8586956515624999 0.8197115390624999
2 0.6324728265624999 0.8810096156249999 0.6480978265624999 0.888221153125 0.669157609375 0.8858173078125 0.6813858703125 0.872596153125 0.6868206515625 0.856971153125 0.6868206515625 0.79326923125 0.671875 0.7668269234375 0.633831521875 0.7668269234375 0.6216032609375 0.7800480765625 0.614130434375 0.8125 0.6134510875 0.8269230765625 0.6175271734375001 0.856971153125 0.625 0.8737980765625 0.6324728265624999 0.8810096156249999
2 0.7282608703125 0.88701923125 0.7466032609375 0.8834134609375001 0.758831521875 0.872596153125 0.7649456515625 0.856971153125 0.765625 0.787259615625 0.7513586953125 0.7668269234375 0.707880434375 0.7668269234375 0.703125 0.7740384609375 0.6949728265624999 0.8052884609375001 0.6970108703125 0.8485576921875 0.7038043484375 0.872596153125 0.711956521875 0.8798076921875 0.7282608703125 0.88701923125
2 0.559782609375 0.8822115390624999 0.59171195625 0.872596153125 0.6080163046875 0.841346153125 0.60733695625 0.8040865390624999 0.600543478125 0.787259615625 0.5923913046875 0.78125 0.582880434375 0.78125 0.5767663046875 0.7728365390625 0.5665760875 0.7740384609375 0.5618206515625 0.7668269234375 0.557744565625 0.7668269234375 0.546875 0.7800480765625 0.5387228265624999 0.8028846156249999 0.538043478125 0.8365384609375001 0.5414402171875 0.85576923125 0.546875 0.8677884609375001 0.559782609375 0.8822115390624999
2 0.6875 0.9987980765625 0.6861413046875 0.9134615390624999 0.62296195625 0.908653846875 0.6209239125 0.9206730765625 0.6216032609375 0.9471153843750001 0.614130434375 0.98076923125 0.6154891296875 0.9987980765625 0.6875 0.9987980765625
2 0.7642663046875 0.9146634609375001 0.7601902171875 0.9110576921875 0.703125 0.9110576921875 0.70108695625 0.9146634609375001 0.703125 0.9423076921875 0.694293478125 0.9783653843750001 0.694293478125 0.9987980765625 0.76358695625 0.9987980765625 0.765625 0.9675480765625 0.7642663046875 0.9146634609375001
2 0.765625 0.549278846875 0.7669836953125 0.5552884609375 0.7751358703125 0.5576923078125 0.7907608703125 0.53485576875 0.7961956515625 0.48918269218750005 0.7873641296875 0.46514423125000004 0.7805706515625 0.459134615625 0.7669836953125 0.45673076874999996 0.7438858703125 0.47355769218750005 0.7357336953125 0.48798076874999996 0.73233695625 0.502403846875 0.734375 0.544471153125 0.7466032609375 0.556490384375 0.7533967390625 0.5456730765625 0.765625 0.549278846875
2 0.6080163046875 0.953125 0.5944293484375 0.935096153125 0.59171195625 0.9206730765625 0.56453804375 0.921875 0.5482336953125 0.9423076921875 0.5387228265624999 0.9627403843750001 0.538043478125 0.9987980765625 0.6080163046875 0.9987980765625 0.6086956515625 0.9951923078125 0.6080163046875 0.953125
2 0.8158967390624999 0.7139423078125 0.8335597828125 0.709134615625 0.8566576093749999 0.693509615625 0.87296195625 0.6730769234375 0.8600543484375001 0.671875 0.85733695625 0.6646634609375 0.8634510875 0.6394230765625 0.87296195625 0.638221153125 0.87296195625 0.6334134609375 0.8525815218749999 0.6298076921875 0.8294836953125 0.640625 0.8138586953125 0.6418269234375 0.8029891296875 0.6706730765625 0.7805706515625 0.7043269234375 0.7826086953125 0.7115384609375 0.8158967390624999 0.7139423078125
2 0.6263586953125 0.693509615625 0.63858695625 0.7043269234375 0.6501358703125 0.705528846875 0.661005434375 0.700721153125 0.667119565625 0.6923076921875 0.6616847828125 0.6790865390625 0.671875 0.65985576875 0.6759510875 0.638221153125 0.6752717390625 0.618990384375 0.667119565625 0.5925480765625 0.667119565625 0.5829326921875 0.6705163046875 0.58173076875 0.66983695625 0.578125 0.65625 0.5709134609375 0.63858695625 0.572115384375 0.6311141296875 0.578125 0.6175271734375001 0.596153846875 0.61141304375 0.6298076921875 0.6107336953125 0.6478365390625 0.6134510875 0.6610576921875 0.6175271734375001 0.6766826921875 0.6263586953125 0.693509615625
2 0.7092391296875 0.64423076875 0.7336956515625 0.638221153125 0.7459239125 0.62860576875 0.7493206515625 0.596153846875 0.7486413046875 0.575721153125 0.73233695625 0.5396634609375 0.7221467390625 0.533653846875 0.7085597828125 0.53485576875 0.6888586953125 0.55048076875 0.6841032609375 0.55889423125 0.674592390625 0.5829326921875 0.6841032609375 0.6165865390625 0.6841032609375 0.65985576875 0.7092391296875 0.64423076875