2 0.582880434375 0.51923076875 0.59171195625 0.51923076875 0.61141304375 0.5 0.6365489125 0.49759615312500005 0.6399456515625 0.493990384375 0.64266304375 0.47956730781249995 0.6440217390625 0.43990384687499995 0.63858695625 0.412259615625 0.6311141296875 0.396634615625 0.62296195625 0.3894230765625 0.616168478125 0.3894230765625 0.6148097828125 0.384615384375 0.5883152171875 0.3834134609375 0.5720108703125 0.390625 0.557744565625 0.41706730781249995 0.5523097828125 0.443509615625 0.551630434375 0.46634615312500005 0.5591032609375 0.49759615312500005 0.5720108703125 0.5144230765625 0.582880434375 0.51923076875
2 0.616168478125 0.6478365390625 0.6311141296875 0.6514423078125 0.658967390625 0.6394230765625 0.6705163046875 0.622596153125 0.678668478125 0.5925480765625 0.6779891296875 0.5396634609375 0.6657608703125 0.513221153125 0.6508152171875 0.5012019234375 0.6331521734375001 0.4987980765625 0.606657609375 0.50360576875 0.5930706515625 0.5228365390625 0.584918478125 0.5540865390625 0.5842391296875 0.5733173078125 0.5876358703125 0.603365384375 0.6039402171875 0.6394230765625 0.616168478125 0.6478365390625
2 0.67391304375 0.52764423125 0.6793478265624999 0.5300480765625 0.68546195625 0.5300480765625 0.696331521875 0.509615384375 0.7065217390625 0.5 0.7262228265624999 0.49519230781249995 0.73233695625 0.4759615390625 0.7330163046875 0.4543269234375 0.7269021734375001 0.4230769234375 0.71875 0.40384615312500005 0.7085597828125 0.3954326921875 0.684782609375 0.390625 0.6657608703125 0.3978365390625 0.65421195625 0.4146634609375 0.645380434375 0.443509615625 0.6447010875 0.462740384375 0.6487771734375001 0.49639423125000004 0.6677989125 0.5144230765625 0.67391304375 0.52764423125
2 0.7201086953125 0.6478365390625 0.7493206515625 0.6454326921875 0.7642663046875 0.627403846875 0.7717391296875 0.6105769234375 0.774456521875 0.59375 0.7737771734375001 0.5480769234375 0.765625 0.51923076875 0.7513586953125 0.5012019234375 0.7065217390625 0.5012019234375 0.6956521734375001 0.5108173078125 0.682744565625 0.5396634609375 0.680706521875 0.5697115390625 0.6868206515625 0.611778846875 0.7085597828125 0.643028846875 0.7201086953125 0.6478365390625
2 0.79891304375 0.5 0.8342391296875 0.49639423125000004 0.8362771734375001 0.490384615625 0.8383152171875 0.44230769218750005 0.8355978265624999 0.42668269218750005 0.8206521734375001 0.39423076875 0.8057065218749999 0.381009615625 0.7846467390625 0.37860576875 0.7730978265624999 0.38701923125 0.7649456515625 0.3990384609375 0.7540760875 0.4375 0.754755434375 0.4771634609375 0.768342390625 0.513221153125 0.7866847828125 0.515625 0.79891304375 0.5
2 0.8091032609375001 0.64423076875 0.8383152171875 0.6454326921875 0.8498641296875 0.6394230765625 0.864130434375 0.6165865390625 0.8716032609375001 0.5853365390625 0.8716032609375001 0.5552884609375 0.8668478265624999 0.5300480765625 0.85733695625 0.51201923125 0.8410326093749999 0.5 0.8131793484375001 0.49759615312500005 0.7975543484375 0.502403846875 0.790081521875 0.509615384375 0.7819293484375 0.5264423078125 0.776494565625 0.55048076875 0.776494565625 0.584134615625 0.78125 0.609375 0.7955163046875 0.634615384375 0.8091032609375001 0.64423076875
2 0.8845108703125 0.515625 0.8994565218749999 0.5 0.921875 0.49519230781249995 0.9307065218749999 0.4603365390625 0.9307065218749999 0.43389423125000004 0.9232336953125 0.40384615312500005 0.9130434781250001 0.3858173078125 0.8980978265624999 0.3762019234375 0.8804347828125 0.375 0.8566576093749999 0.388221153125 0.8451086953125 0.40865384687499995 0.838994565625 0.431490384375 0.8396739125 0.459134615625 0.8491847828125 0.493990384375 0.8709239125 0.5144230765625 0.8845108703125 0.515625
2 0.90828804375 0.646634615625 0.9361413046875 0.6490384609375 0.9517663046875 0.638221153125 0.9660326093749999 0.61298076875 0.9721467390624999 0.5865384609375 0.9728260875 0.5612980765625 0.96875 0.5324519234375 0.957880434375 0.509615384375 0.9449728265624999 0.5 0.9116847828125 0.49759615312500005 0.895380434375 0.50360576875 0.8811141296875 0.5228365390625 0.8736413046875 0.5480769234375 0.8736413046875 0.580528846875 0.8817934781250001 0.6141826921875 0.8913043484375001 0.6322115390625 0.90828804375 0.646634615625
2 0.790081521875 0.8966346156249999 0.8138586953125 0.8990384609375001 0.8294836953125 0.8954326921875 0.84375 0.8822115390624999 0.8552989125 0.8521634609375001 0.85733695625 0.8125 0.8539402171875 0.7896634609375 0.8444293484375001 0.76923076875 0.8308423906250001 0.756009615625 0.7907608703125 0.756009615625 0.774456521875 0.775240384375 0.7649456515625 0.80048076875 0.7622282609375 0.814903846875 0.76766304375 0.8605769234375 0.776494565625 0.8810096156249999 0.790081521875 0.8966346156249999
2 0.9096467390624999 0.903846153125 0.9347826093749999 0.903846153125 0.9463315218749999 0.8954326921875 0.9599184781250001 0.8701923078125 0.9673913046875 0.84014423125 0.9673913046875 0.810096153125 0.9585597828125 0.7740384609375 0.9429347828125 0.7584134609375 0.9307065218749999 0.7548076921875 0.9211956515624999 0.74639423125 0.890625 0.759615384375 0.8743206515624999 0.787259615625 0.8695652171875 0.810096153125 0.870244565625 0.8497596156249999 0.8756793484375001 0.8689903843750001 0.8919836953125 0.89423076875 0.9096467390624999 0.903846153125
2 0.8586956515624999 0.8269230765625 0.8688858703125 0.8329326921875 0.870244565625 0.8040865390624999 0.8783967390624999 0.77764423125 0.89266304375 0.7572115390625 0.9116847828125 0.7512019234375 0.9205163046875 0.7451923078125 0.9211956515624999 0.7391826921875 0.9137228265624999 0.716346153125 0.9069293484375001 0.7103365390625 0.8478260875 0.7103365390625 0.8410326093749999 0.716346153125 0.8335597828125 0.743990384375 0.832880434375 0.756009615625 0.8451086953125 0.7704326921875 0.8552989125 0.7920673078125 0.8586956515624999 0.8269230765625
2 0.28872282656250003 0.9134615390624999 0.31046195625 0.9146634609375001 0.3267663046875 0.90264423125 0.341032609375 0.87860576875 0.3491847828125 0.846153846875 0.34171195625 0.80048076875 0.325407609375 0.7740384609375 0.305706521875 0.759615384375 0.286005434375 0.7584134609375 0.27309782656250003 0.765625 0.258831521875 0.787259615625 0.2540760875 0.810096153125 0.2540760875 0.846153846875 0.258831521875 0.872596153125 0.2697010875 0.8954326921875 0.28872282656250003 0.9134615390624999
2 0.1970108703125 0.9134615390624999 0.2085597828125 0.908653846875 0.22486412968749997 0.8894230765625 0.2398097828125 0.8497596156249999 0.243206521875 0.8209134609375001 0.2336956515625 0.7920673078125 0.2221467390625 0.775240384375 0.2017663046875 0.7584134609375 0.1813858703125 0.7548076921875 0.16372282656249998 0.76201923125 0.1569293484375 0.7704326921875 0.1460597828125 0.7920673078125 0.1399456515625 0.8221153843750001 0.1419836953125 0.861778846875 0.153532609375 0.888221153125 0.17391304375 0.9110576921875 0.1970108703125 0.9134615390624999
2 0.061820651562499995 0.9014423078125 0.09578804375 0.9074519234375 0.12228260937499999 0.88701923125 0.1345108703125 0.8641826921875 0.1372282609375 0.8137019234375 0.125 0.763221153125 0.11005434843749999 0.75 0.0971467390625 0.743990384375 0.0665760875 0.74639423125 0.0414402171875 0.778846153125 0.0346467390625 0.80889423125 0.033967390624999996 0.841346153125 0.0394021734375 0.87139423125 0.0475543484375 0.8894230765625 0.061820651562499995 0.9014423078125
2 0.2221467390625 0.7740384609375 0.23913043437499998 0.8040865390624999 0.2425271734375 0.8173076921875 0.2418478265625 0.84014423125 0.227581521875 0.888221153125 0.23913043437499998 0.888221153125 0.256793478125 0.8762019234375 0.252717390625 0.84735576875 0.2533967390625 0.8040865390624999 0.2669836953125 0.7704326921875 0.288043478125 0.7548076921875 0.2846467390625 0.7415865390625 0.2778532609375 0.73076923125 0.2554347828125 0.7115384609375 0.211956521875 0.7103365390625 0.1976902171875 0.71875 0.1868206515625 0.743990384375 0.1861413046875 0.7512019234375 0.1888586953125 0.75360576875 0.2017663046875 0.7572115390625 0.2221467390625 0.7740384609375
2 0.3158967390625 0.763221153125 0.3267663046875 0.771634615625 0.33763587031250003 0.7896634609375 0.34375 0.778846153125 0.35326087031250003 0.724759615625 0.352581521875 0.716346153125 0.3471467390625 0.7115384609375 0.32608695625 0.709134615625 0.2798913046875 0.7103365390625 0.27377717343749997 0.71875 0.272418478125 0.7235576921875 0.2778532609375 0.728365384375 0.29076087031250003 0.7548076921875 0.3158967390625 0.763221153125
0 0.12975543437499998 0.7884615390625 0.1345108703125 0.8197115390624999 0.1548913046875 0.7668269234375 0.15421195625 0.7512019234375 0.1467391296875 0.7259615390625 0.133831521875 0.7115384609375 0.0855978265625 0.7115384609375 0.0767663046875 0.7199519234375 0.06521739062500001 0.7427884609375 0.0638586953125 0.747596153125 0.0978260875 0.7451923078125 0.1154891296875 0.7548076921875 0.12975543437499998 0.7884615390625
0 0.408967390625 0.6454326921875 0.45176630468749995 0.646634615625 0.457880434375 0.643028846875 0.46942934843749995 0.6262019234375 0.4789402171875 0.59014423125 0.479619565625 0.5612980765625 0.4748641296875 0.528846153125 0.46739130468749995 0.51201923125 0.4585597828125 0.502403846875 0.43885869531250005 0.49639423125000004 0.40557065156250005 0.5 0.3947010875 0.51201923125 0.3851902171875 0.5420673078125 0.383831521875 0.5793269234375 0.3865489125 0.599759615625 0.3940217390625 0.6237980765625 0.408967390625 0.6454326921875
0 0.508831521875 0.646634615625 0.5563858703125 0.646634615625 0.56453804375 0.638221153125 0.5767663046875 0.6105769234375 0.580842390625 0.5829326921875 0.5794836953125 0.5420673078125 0.573369565625 0.5204326921875 0.5591032609375 0.5012019234375 0.5373641296875 0.49759615312500005 0.5033967390625 0.5012019234375 0.493206521875 0.515625 0.484375 0.549278846875 0.48369565156250005 0.580528846875 0.4884510875 0.6105769234375 0.49864130468749995 0.634615384375 0.508831521875 0.646634615625
0 0.286005434375 0.493990384375 0.299592390625 0.493990384375 0.3240489125 0.4831730765625 0.3335597828125 0.46514423125000004 0.3403532609375 0.44110576874999996 0.34171195625 0.41826923125000004 0.338994565625 0.39423076875 0.3294836953125 0.3677884609375 0.317255434375 0.356971153125 0.2914402171875 0.3545673078125 0.27921195625 0.3581730765625 0.265625 0.37139423125 0.25611412968749997 0.400240384375 0.25611412968749997 0.43990384687499995 0.260869565625 0.45793269218750005 0.27513587031250003 0.4855769234375 0.286005434375 0.493990384375
0 0.350543478125 0.59375 0.352581521875 0.599759615625 0.350543478125 0.611778846875 0.336956521875 0.6177884609375 0.3396739125 0.638221153125 0.356657609375 0.638221153125 0.37296195625 0.606971153125 0.377717390625 0.5769230765625 0.3763586953125 0.5480769234375 0.36684782656250003 0.5168269234375 0.356657609375 0.50360576875 0.3451086953125 0.4987980765625 0.3138586953125 0.502403846875 0.2982336953125 0.515625 0.290081521875 0.5384615390625 0.29076087031250003 0.546875 0.3023097828125 0.5480769234375 0.32608695625 0.56610576875 0.350543478125 0.59375
0 0.30298912968749997 0.6514423078125 0.31997282656250003 0.6514423078125 0.332880434375 0.6454326921875 0.3451086953125 0.631009615625 0.356657609375 0.603365384375 0.3559782609375 0.5985576921875 0.3294836953125 0.5673076921875 0.301630434375 0.5456730765625 0.290081521875 0.5456730765625 0.28125 0.5516826921875 0.2622282609375 0.575721153125 0.260869565625 0.5925480765625 0.2669836953125 0.615384615625 0.274456521875 0.6298076921875 0.30298912968749997 0.6514423078125
0 0.153532609375 0.6358173078125 0.1752717390625 0.65264423125 0.1861413046875 0.653846153125 0.21671195625 0.646634615625 0.2262228265625 0.6262019234375 0.22826087031250003 0.59014423125 0.22486412968749997 0.568509615625 0.2153532609375 0.5420673078125 0.203125 0.5228365390625 0.19225543437499998 0.515625 0.1576086953125 0.5204326921875 0.1447010875 0.540865384375 0.13858695625 0.556490384375 0.13858695625 0.5985576921875 0.1419836953125 0.61298076875 0.153532609375 0.6358173078125
0 0.0638586953125 0.65264423125 0.0971467390625 0.653846153125 0.11345108749999999 0.6454326921875 0.127717390625 0.62139423125 0.13586956562500002 0.5865384609375 0.13586956562500002 0.56610576875 0.127717390625 0.5324519234375 0.116168478125 0.513221153125 0.10801630468750001 0.5084134609375 0.07540760937499999 0.5084134609375 0.0550271734375 0.5144230765625 0.0434782609375 0.5324519234375 0.0373641296875 0.556490384375 0.0366847828125 0.5865384609375 0.0407608703125 0.61298076875 0.051630434375 0.6394230765625 0.0638586953125 0.65264423125
0 0.11209239062500001 0.5048076921875 0.12975543437499998 0.4987980765625 0.1365489125 0.48918269218750005 0.143342390625 0.46634615312500005 0.143342390625 0.41947115312500005 0.13586956562500002 0.3978365390625 0.12092391250000001 0.3798076921875 0.1127717390625 0.3762019234375 0.0794836953125 0.3798076921875 0.06793478281250001 0.3918269234375 0.059782609375 0.415865384375 0.059782609375 0.4675480765625 0.0658967390625 0.490384615625 0.07540760937499999 0.5048076921875 0.11209239062500001 0.5048076921875
0 0.2221467390625 0.48197115312500005 0.2289402171875 0.45793269218750005 0.22961956562500002 0.43269230781249995 0.22486412968749997 0.4074519234375 0.21263587031250003 0.384615384375 0.1970108703125 0.3737980765625 0.1725543484375 0.3737980765625 0.1623641296875 0.3798076921875 0.15149456562500002 0.396634615625 0.14538043437499998 0.421875 0.147418478125 0.46634615312500005 0.1616847828125 0.4927884609375 0.21399456562500002 0.49519230781249995 0.2221467390625 0.48197115312500005
0 0.286005434375 0.493990384375 0.3002717390625 0.493990384375 0.3240489125 0.4831730765625 0.3335597828125 0.46634615312500005 0.341032609375 0.4387019234375 0.34171195625 0.412259615625 0.338994565625 0.393028846875 0.3294836953125 0.3677884609375 0.3179347828125 0.356971153125 0.2975543484375 0.3545673078125 0.27513587031250003 0.361778846875 0.262907609375 0.377403846875 0.2554347828125 0.40625 0.25611412968749997 0.43990384687499995 0.260869565625 0.45793269218750005 0.27513587031250003 0.4855769234375 0.286005434375 0.493990384375
0 0.12364130468750001 0.11899038437500001 0.116168478125 0.091346153125 0.116168478125 0.05889423125 0.11345108749999999 0.049278846875 0.102581521875 0.03125 0.0896739125 0.021634615625 0.0720108703125 0.01923076875 0.045516304687499995 0.0324519234375 0.0346467390625 0.046875 0.027853260937500002 0.0733173078125 0.026494565625 0.0985576921875 0.030570651562500002 0.12259615312500001 0.10122282656249999 0.1237980765625 0.12364130468750001 0.11899038437500001
0 0.11005434843749999 0.150240384375 0.10733695624999999 0.146634615625 0.061820651562499995 0.1454326921875 0.046875 0.1490384609375 0.04891304375 0.153846153125 0.06453804375 0.162259615625 0.102581521875 0.1574519234375 0.11005434843749999 0.150240384375
0 0.21263587031250003 0.11899038437500001 0.21603260937500002 0.0925480765625 0.21467391249999998 0.06610576875 0.20923912968749997 0.04326923125 0.194293478125 0.0168269234375 0.1861413046875 0.01201923125 0.1419836953125 0.013221153125 0.1263586953125 0.03125 0.118206521875 0.05408653906250001 0.1188858703125 0.09975961562499999 0.13247282656249998 0.12259615312500001 0.2105978265625 0.12259615312500001 0.21263587031250003 0.11899038437500001
0 0.3423913046875 0.1105769234375 0.3471467390625 0.07211538437500001 0.3444293484375 0.0480769234375 0.3247282609375 0.0168269234375 0.315217390625 0.013221153125 0.2819293484375 0.0168269234375 0.27377717343749997 0.0384615390625 0.2697010875 0.060096153124999996 0.2669836953125 0.12019230781250001 0.2826086953125 0.1237980765625 0.336956521875 0.12259615312500001 0.3423913046875 0.1105769234375
0 0.270380434375 0.0985576921875 0.270380434375 0.0625 0.2826086953125 0.0168269234375 0.270380434375 0.0084134609375 0.24388587031250003 0.0108173078125 0.23233695625 0.030048076562499998 0.2262228265625 0.05528846093749999 0.2262228265625 0.09735576875 0.23165760937500002 0.12139423125 0.274456521875 0.12019230781250001 0.270380434375 0.0985576921875
0 0.4001358703125 0 0.3804347828125 0.015625 0.375 0.025240384375 0.368206521875 0.05528846093749999 0.36888587031250003 0.09375 0.37296195625 0.11418269218749999 0.377717390625 0.12259615312500001 0.4436141296875 0.12259615312500001 0.4470108703125 0.11538461562499999 0.4490489125 0.0637019234375 0.4429347828125 0.033653846875 0.43546195625 0.018028846875 0.4116847828125 0.0264423078125 0.40692934843749995 0 0.4001358703125 0
0 0.5427989125 0.11298076875 0.5461956515625 0.0793269234375 0.5407608703125 0.0480769234375 0.5305706515625 0.0240384609375 0.5163043484375 0.009615384375 0.473505434375 0.0084134609375 0.4605978265625 0.025240384375 0.453125 0.05408653906250001 0.45244565156250005 0.0925480765625 0.4592391296875 0.12259615312500001 0.536005434375 0.1237980765625 0.5427989125 0.11298076875
0 0.6175271734375001 0.075721153125 0.6345108703125 0.025240384375 0.6304347828125 0.0168269234375 0.618206521875 0.007211539062499999 0.575407609375 0.0084134609375 0.5618206515625 0.0240384609375 0.5523097828125 0.0625 0.5523097828125 0.0949519234375 0.5584239125 0.12259615312500001 0.6148097828125 0.1237980765625 0.6175271734375001 0.075721153125
0 0.35326087031250003 0.197115384375 0.3471467390625 0.1790865390625 0.33763587031250003 0.1634615390625 0.32608695625 0.158653846875 0.30502717343749997 0.158653846875 0.28940217343749997 0.165865384375 0.2805706515625 0.1826923078125 0.274456521875 0.20673076875000002 0.274456521875 0.216346153125 0.2819293484375 0.21875 0.3552989125 0.216346153125 0.35326087031250003 0.197115384375
0 0.13315217343750002 0.1959134609375 0.12364130468750001 0.171875 0.10190217343750001 0.162259615625 0.0767663046875 0.1646634609375 0.067255434375 0.1706730765625 0.058423912499999994 0.18389423124999998 0.052309782812500004 0.20673076875000002 0.053668478124999995 0.216346153125 0.131793478125 0.21754807656250003 0.1351902171875 0.21274038437499998 0.13315217343750002 0.1959134609375
0 0.5366847828125 0.1730769234375 0.526494565625 0.15625 0.5149456515625 0.150240384375 0.4782608703125 0.153846153125 0.46739130468749995 0.16826923124999998 0.4585597828125 0.197115384375 0.4585597828125 0.21754807656250003 0.5455163046875 0.216346153125 0.5434782609375 0.193509615625 0.5366847828125 0.1730769234375
0 0.21671195625 0.189903846875 0.2085597828125 0.17548076875000002 0.1868206515625 0.1610576921875 0.1732336953125 0.162259615625 0.15421195625 0.171875 0.1440217390625 0.1887019234375 0.1392663046875 0.20432692343749997 0.13858695625 0.216346153125 0.14266304375 0.21875 0.22282608750000002 0.21514423124999998 0.21671195625 0.189903846875
0 0.286005434375 0.169471153125 0.27513587031250003 0.165865384375 0.25611412968749997 0.16826923124999998 0.24592391249999998 0.181490384375 0.2398097828125 0.203125 0.2398097828125 0.21754807656250003 0.27377717343749997 0.216346153125 0.2771739125 0.1923076921875 0.286005434375 0.169471153125
0 0.442255434375 0.2115384609375 0.43885869531250005 0.1802884609375 0.428668478125 0.1610576921875 0.4177989125 0.153846153125 0.3913043484375 0.1550480765625 0.37703804375 0.177884615625 0.3627717390625 0.185096153125 0.36141304375 0.2079326921875 0.368206521875 0.21754807656250003 0.43953804375 0.21754807656250003 0.442255434375 0.2115384609375
0 0.63858695625 0.189903846875 0.631793478125 0.169471153125 0.622282609375 0.15625 0.582880434375 0.1550480765625 0.5679347828125 0.1730769234375 0.5618206515625 0.200721153125 0.5631793484375 0.21754807656250003 0.6324728265624999 0.21754807656250003 0.6372282609375 0.2103365390625 0.63858695625 0.189903846875
1 0.7269021734375001 0 0.7248641296875 0.013221153125 0.7194293484375 0.0204326921875 0.716032609375 0.0456730765625 0.7038043484375 0.07211538437500001 0.7017663046875 0.08413461562499999 0.6868206515625 0.11778846093749999 0.6868206515625 0.1237980765625 0.752717390625 0.125 0.762907609375 0.1394230765625 0.7710597828125 0.140625 0.7866847828125 0.131009615625 0.8043478265624999 0.10096153906250001 0.8091032609375001 0.1081730765625 0.8084239125 0.12139423125 0.817255434375 0.138221153125 0.8138586953125 0.1454326921875 0.8335597828125 0.14423076875000002 0.8410326093749999 0.140625 0.8580163046875 0.12019230781250001 0.8743206515624999 0.0769230765625 0.8980978265624999 0.11538461562499999 0.9048913046875 0.12019230781250001 0.9048913046875 0.138221153125 0.9096467390624999 0.138221153125 0.9205163046875 0.153846153125 0.9273097828125 0.1550480765625 0.9429347828125 0.12860576875000002 0.9476902171875 0.1081730765625 0.948369565625 0.044471153125 0.9402173906250001 0 0.7269021734375001 0
1 0.6460597828125 0 0.6243206515625 0.05408653906250001 0.616168478125 0.08533653906250001 0.616168478125 0.11658653906250001 0.6236413046875 0.134615384375 0.637907609375 0.143028846875 0.6447010875 0.1394230765625 0.6705163046875 0.10576923125 0.7092391296875 0 0.6460597828125 0
1 0.359375 0.8858173078125 0.370244565625 0.893028846875 0.37703804375 0.8918269234375 0.38858695625 0.875 0.413043478125 0.8834134609375001 0.4259510875 0.90625 0.43885869531250005 0.90985576875 0.450407609375 0.9014423078125 0.463994565625 0.8798076921875 0.4769021734375 0.8389423078125 0.4898097828125 0.712740384375 0.36548912968749997 0.7103365390625 0.356657609375 0.7115384609375 0.354619565625 0.716346153125 0.3430706515625 0.7980769234375 0.35190217343749997 0.841346153125 0.35122282656250003 0.8641826921875 0.359375 0.8858173078125
1 0.487092390625 0.903846153125 0.497282609375 0.9074519234375 0.5122282609375 0.9002403843750001 0.5258152171875 0.9170673078125 0.553668478125 0.9158653843750001 0.56046195625 0.87860576875 0.567255434375 0.8762019234375 0.5747282609375 0.861778846875 0.57608695625 0.8521634609375001 0.5665760875 0.7572115390625 0.565217390625 0.712740384375 0.489130434375 0.7115384609375 0.48505434843749995 0.7355769234375 0.4782608703125 0.856971153125 0.481657609375 0.8641826921875 0.48097826093749996 0.8822115390624999 0.487092390625 0.903846153125
1 0.6039402171875 0.89423076875 0.614130434375 0.903846153125 0.631793478125 0.9014423078125 0.653532609375 0.9122596156249999 0.6603260875 0.9074519234375 0.671875 0.875 0.6732336953125 0.84735576875 0.663043478125 0.8137019234375 0.6548913046875 0.8016826921875 0.6548913046875 0.796875 0.6487771734375001 0.796875 0.6467391296875 0.790865384375 0.6399456515625 0.756009615625 0.6372282609375 0.7139423078125 0.567255434375 0.7139423078125 0.5720108703125 0.8052884609375001 0.5815217390625 0.846153846875 0.5930706515625 0.8762019234375 0.6039402171875 0.89423076875
1 0.663043478125 0.810096153125 0.682744565625 0.8641826921875 0.6976902171875 0.8894230765625 0.7201086953125 0.9122596156249999 0.7289402171875 0.9110576921875 0.75203804375 0.8834134609375001 0.7540760875 0.86298076875 0.752717390625 0.8365384609375001 0.71671195625 0.7115384609375 0.6419836953125 0.7115384609375 0.6399456515625 0.71514423125 0.6487771734375001 0.768028846875 0.653532609375 0.8221153843750001 0.663043478125 0.810096153125