0 0.40489130468749995 0.24399038437499998 0.417119565625 0.2259615390625 0.42051630468749995 0.21514423124999998 0.42391304375 0.185096153125 0.421875 0.15985576875000002 0.4157608703125 0.1394230765625 0.40760869531250005 0.12860576875000002 0.3600543484375 0.12259615312500001 0.3478260875 0.1334134609375 0.3396739125 0.158653846875 0.338994565625 0.19110576875000002 0.3444293484375 0.2235576921875 0.359375 0.24399038437499998 0.40489130468749995 0.24399038437499998
0 0.4802989125 0.24399038437499998 0.5217391296875 0.2427884609375 0.5326086953125 0.23317307656250003 0.5407608703125 0.2115384609375 0.5434782609375 0.185096153125 0.5407608703125 0.158653846875 0.5298913046875 0.1334134609375 0.5217391296875 0.127403846875 0.4769021734375 0.1262019234375 0.466032609375 0.1418269234375 0.4592391296875 0.165865384375 0.4585597828125 0.1887019234375 0.461956521875 0.216346153125 0.47010869531250005 0.234375 0.4802989125 0.24399038437499998
0 0.1263586953125 0.24038461562500002 0.143342390625 0.24399038437499998 0.17391304375 0.2415865390625 0.184782609375 0.22836538437499998 0.19225543437499998 0.185096153125 0.1908967390625 0.1670673078125 0.184782609375 0.143028846875 0.174592390625 0.1298076921875 0.12975543437499998 0.125 0.11956521718749999 0.1334134609375 0.11005434843749999 0.15264423124999998 0.10665760937499999 0.1670673078125 0.10665760937499999 0.193509615625 0.11480978281250001 0.22475961562500002 0.1263586953125 0.24038461562500002
0 0.2506793484375 0.24399038437499998 0.28736412968749997 0.24399038437499998 0.30434782656250003 0.21995192343749997 0.31046195625 0.19951923124999998 0.31046195625 0.1646634609375 0.30638587031250003 0.1454326921875 0.3023097828125 0.134615384375 0.2914402171875 0.12259615312500001 0.278532609375 0.12139423125 0.24388587031250003 0.1298076921875 0.2357336953125 0.1394230765625 0.22961956562500002 0.162259615625 0.22826087031250003 0.1875 0.23165760937500002 0.21274038437499998 0.23641304375 0.2271634609375 0.2506793484375 0.24399038437499998
0 0.13586956562500002 0.306490384375 0.13586956562500002 0.283653846875 0.131793478125 0.259615384375 0.12432065156250001 0.24399038437499998 0.116168478125 0.23557692343749997 0.086956521875 0.2295673078125 0.0720108703125 0.231971153125 0.058423912499999994 0.252403846875 0.051630434375 0.275240384375 0.051630434375 0.306490384375 0.056385870312499996 0.318509615625 0.1311141296875 0.318509615625 0.13586956562500002 0.306490384375
0 0.2540760875 0.3040865390625 0.2554347828125 0.2824519234375 0.25 0.2512019234375 0.241168478125 0.234375 0.23233695625 0.22836538437499998 0.1888586953125 0.2271634609375 0.174592390625 0.24639423124999998 0.1705163046875 0.2608173078125 0.1684782609375 0.296875 0.1732336953125 0.318509615625 0.2493206515625 0.318509615625 0.2540760875 0.3040865390625
0 0.3600543484375 0.3197115390625 0.36548912968749997 0.3112980765625 0.36752717343749997 0.30048076875 0.36752717343749997 0.27764423125 0.3627717390625 0.252403846875 0.3491847828125 0.231971153125 0.3403532609375 0.2259615390625 0.3023097828125 0.2259615390625 0.288043478125 0.247596153125 0.28328804375 0.2728365390625 0.283967390625 0.3040865390625 0.286005434375 0.3173076921875 0.28940217343749997 0.3197115390625 0.3600543484375 0.3197115390625
0 0.48301630468749995 0.3197115390625 0.48641304375 0.30889423125 0.48641304375 0.27764423125 0.48233695625 0.2548076921875 0.4789402171875 0.24639423124999998 0.4646739125 0.231971153125 0.4164402171875 0.23076923124999998 0.40489130468749995 0.24639423124999998 0.399456521875 0.268028846875 0.39877717343749997 0.296875 0.403532609375 0.3197115390625 0.475543478125 0.3209134609375 0.48301630468749995 0.3197115390625
0 0.5903532609375 0.3137019234375 0.591032609375 0.27764423125 0.586956521875 0.26923076875 0.588994565625 0.263221153125 0.5876358703125 0.2548076921875 0.580842390625 0.2391826921875 0.5523097828125 0.23076923124999998 0.53328804375 0.234375 0.5210597828125 0.24879807656250003 0.515625 0.278846153125 0.515625 0.3076923078125 0.518342390625 0.3197115390625 0.5876358703125 0.3197115390625 0.5903532609375 0.3137019234375
0 0.071331521875 0.51923076875 0.09646739062500001 0.5204326921875 0.11480978281250001 0.515625 0.1283967390625 0.49639423125000004 0.1372282609375 0.4675480765625 0.137907609375 0.43509615312500005 0.13247282656249998 0.4134615390625 0.12296195624999999 0.396634615625 0.11209239062500001 0.3894230765625 0.0665760875 0.39423076875 0.055706521875000005 0.41105769218750005 0.049592390624999996 0.43269230781249995 0.048233695312500005 0.46394230781249995 0.0502717390625 0.47956730781249995 0.055706521875000005 0.49639423125000004 0.071331521875 0.51923076875
0 0.1888586953125 0.5168269234375 0.225543478125 0.5144230765625 0.23233695625 0.509615384375 0.2425271734375 0.4915865390625 0.25 0.4615384609375 0.24796195625 0.41947115312500005 0.2445652171875 0.4074519234375 0.23165760937500002 0.3894230765625 0.20788043437499998 0.38701923125 0.1820652171875 0.393028846875 0.1711956515625 0.40625 0.16372282656249998 0.4375 0.16372282656249998 0.46634615312500005 0.1664402171875 0.48197115312500005 0.178668478125 0.509615384375 0.1888586953125 0.5168269234375
0 0.3315217390625 0.5144230765625 0.3444293484375 0.5012019234375 0.354619565625 0.46394230781249995 0.3552989125 0.43269230781249995 0.35122282656250003 0.41105769218750005 0.3423913046875 0.39423076875 0.3322010875 0.38701923125 0.3070652171875 0.3894230765625 0.283967390625 0.3990384609375 0.27513587031250003 0.4134615390625 0.270380434375 0.43269230781249995 0.2710597828125 0.4759615390625 0.2778532609375 0.49759615312500005 0.29076087031250003 0.515625 0.3315217390625 0.5144230765625
0 0.4103260875 0.515625 0.45380434843749995 0.513221153125 0.466032609375 0.49519230781249995 0.4741847828125 0.46514423125000004 0.4748641296875 0.4459134609375 0.47078804375 0.421875 0.4633152171875 0.40144230781249995 0.45244565156250005 0.3894230765625 0.40692934843749995 0.3894230765625 0.3960597828125 0.40264423125000004 0.387907609375 0.4302884609375 0.3872282609375 0.4615384609375 0.3913043484375 0.4831730765625 0.401494565625 0.506009615625 0.4103260875 0.515625
0 0.102581521875 0.7427884609375 0.1263586953125 0.7331730765625 0.1413043484375 0.703125 0.14266304375 0.65985576875 0.13858695625 0.638221153125 0.12975543437499998 0.6237980765625 0.11480978281250001 0.6141826921875 0.088994565625 0.609375 0.0720108703125 0.6177884609375 0.0638586953125 0.62860576875 0.056385870312499996 0.65985576875 0.057065217187499996 0.693509615625 0.0631793484375 0.71875 0.08016304375 0.7415865390625 0.102581521875 0.7427884609375
0 0.1888586953125 0.7451923078125 0.21467391249999998 0.74639423125 0.227581521875 0.7391826921875 0.24048912968749997 0.71514423125 0.2466032609375 0.681490384375 0.24592391249999998 0.653846153125 0.2418478265625 0.6394230765625 0.2336956515625 0.6237980765625 0.21671195625 0.6105769234375 0.1970108703125 0.609375 0.1752717390625 0.62139423125 0.1657608703125 0.6394230765625 0.1596467390625 0.6646634609375 0.158967390625 0.6887019234375 0.16440217343750002 0.716346153125 0.174592390625 0.736778846875 0.1888586953125 0.7451923078125
0 0.2866847828125 0.7451923078125 0.31453804375 0.7451923078125 0.325407609375 0.740384615625 0.3335597828125 0.728365384375 0.341032609375 0.7079326921875 0.3478260875 0.674278846875 0.346467390625 0.65985576875 0.33559782656250003 0.6262019234375 0.32201087031250003 0.6141826921875 0.27921195625 0.6177884609375 0.26766304375 0.631009615625 0.2601902171875 0.6610576921875 0.2601902171875 0.693509615625 0.2649456515625 0.71514423125 0.272418478125 0.7331730765625 0.2866847828125 0.7451923078125
2 0.6644021734375001 0.5168269234375 0.690217390625 0.5144230765625 0.7024456515625 0.49759615312500005 0.711956521875 0.46875 0.7133152171875 0.43509615312500005 0.709918478125 0.415865384375 0.700407609375 0.393028846875 0.6888586953125 0.381009615625 0.665081521875 0.3737980765625 0.6419836953125 0.381009615625 0.637907609375 0.388221153125 0.6399456515625 0.39423076875 0.6351902171875 0.40625 0.62703804375 0.4074519234375 0.62296195625 0.42548076874999996 0.62296195625 0.45552884687499995 0.6263586953125 0.474759615625 0.6508152171875 0.513221153125 0.6644021734375001 0.5168269234375
2 0.85733695625 0.5012019234375 0.8661684781250001 0.502403846875 0.8851902171875 0.518028846875 0.9096467390624999 0.518028846875 0.9232336953125 0.51201923125 0.9388586953125 0.47956730781249995 0.942255434375 0.4543269234375 0.93953804375 0.4230769234375 0.932744565625 0.40384615312500005 0.91983695625 0.38701923125 0.9008152171875 0.381009615625 0.8817934781250001 0.381009615625 0.8709239125 0.390625 0.86141304375 0.40625 0.8532608703125 0.443509615625 0.8532608703125 0.46634615312500005 0.8559782609375001 0.4675480765625 0.8586956515624999 0.4927884609375 0.85733695625 0.5012019234375
2 0.7934782609375 0.518028846875 0.8084239125 0.509615384375 0.8179347828125 0.4927884609375 0.828125 0.459134615625 0.8267663046875 0.427884615625 0.8192934781250001 0.4074519234375 0.81046195625 0.390625 0.7955163046875 0.381009615625 0.774456521875 0.3798076921875 0.7554347828125 0.3918269234375 0.7506793484375 0.3990384609375 0.7418478265624999 0.4302884609375 0.741168478125 0.462740384375 0.7486413046875 0.5012019234375 0.7669836953125 0.515625 0.7934782609375 0.518028846875
2 0.542119565625 0.513221153125 0.5767663046875 0.5144230765625 0.59171195625 0.49759615312500005 0.5991847828125 0.47956730781249995 0.6032608703125 0.4519230765625 0.5991847828125 0.4074519234375 0.59171195625 0.3918269234375 0.5835597828125 0.384615384375 0.5543478265624999 0.3822115390625 0.540081521875 0.3858173078125 0.52921195625 0.3978365390625 0.5210597828125 0.42668269218750005 0.520380434375 0.45673076874999996 0.524456521875 0.48197115312500005 0.52921195625 0.49519230781249995 0.542119565625 0.513221153125
2 0.7717391296875 0.7427884609375 0.8070652171875 0.743990384375 0.8247282609375001 0.7199519234375 0.8315217390624999 0.6983173078125 0.832880434375 0.6706730765625 0.8274456515624999 0.63701923125 0.8179347828125 0.615384615625 0.8036684781250001 0.603365384375 0.7826086953125 0.599759615625 0.7615489125 0.6105769234375 0.7513586953125 0.627403846875 0.7438858703125 0.662259615625 0.743206521875 0.6766826921875 0.7513586953125 0.716346153125 0.7622282609375 0.734375 0.7717391296875 0.7427884609375
2 0.4884510875 0.743990384375 0.512907609375 0.7451923078125 0.5298913046875 0.731971153125 0.5366847828125 0.71875 0.544157609375 0.685096153125 0.540081521875 0.6454326921875 0.5366847828125 0.631009615625 0.5326086953125 0.6262019234375 0.533967390625 0.622596153125 0.5251358703125 0.609375 0.5095108703125 0.5985576921875 0.48573369531250005 0.5985576921875 0.47214673906250004 0.609375 0.4626358703125 0.631009615625 0.4592391296875 0.6574519234375 0.4592391296875 0.6887019234375 0.46535326093749996 0.728365384375 0.4782608703125 0.740384615625 0.4884510875 0.743990384375
2 0.90625 0.743990384375 0.91983695625 0.728365384375 0.926630434375 0.7115384609375 0.9307065218749999 0.689903846875 0.9300271734375001 0.6574519234375 0.926630434375 0.640625 0.9157608703125 0.6165865390625 0.9021739125 0.6045673078125 0.8763586953125 0.6021634609375 0.8634510875 0.6081730765625 0.8512228265624999 0.6262019234375 0.8444293484375001 0.653846153125 0.8451086953125 0.7019230765625 0.86141304375 0.736778846875 0.8709239125 0.7427884609375 0.90625 0.743990384375
2 0.58016304375 0.743990384375 0.609375 0.74639423125 0.6188858703125 0.7427884609375 0.633831521875 0.721153846875 0.6447010875 0.6826923078125 0.643342390625 0.6574519234375 0.635869565625 0.62860576875 0.62703804375 0.6141826921875 0.6148097828125 0.6045673078125 0.59375 0.6021634609375 0.575407609375 0.6081730765625 0.5618206515625 0.627403846875 0.5550271734375001 0.65625 0.5550271734375001 0.689903846875 0.5611413046875 0.716346153125 0.5686141296875 0.731971153125 0.58016304375 0.743990384375
2 0.65625 0.716346153125 0.6711956515625 0.7391826921875 0.68546195625 0.7451923078125 0.7085597828125 0.743990384375 0.72078804375 0.731971153125 0.7330163046875 0.7043269234375 0.7357336953125 0.68389423125 0.7336956515625 0.6478365390625 0.7269021734375001 0.625 0.7146739125 0.606971153125 0.696331521875 0.6009615390625 0.674592390625 0.603365384375 0.6623641296875 0.615384615625 0.6548913046875 0.6322115390625 0.6521739125 0.646634615625 0.653532609375 0.6790865390625 0.6501358703125 0.6875 0.651494565625 0.697115384375 0.65625 0.716346153125
1 0.6154891296875 0.2115384609375 0.6345108703125 0.231971153125 0.6528532609375 0.2427884609375 0.690217390625 0.24038461562500002 0.692255434375 0.23076923124999998 0.7017663046875 0.22475961562500002 0.7112771734375001 0.236778846875 0.731657609375 0.236778846875 0.75203804375 0.24639423124999998 0.7533967390625 0.23798076875000002 0.765625 0.22475961562500002 0.799592390625 0.22475961562500002 0.8288043484375001 0.21754807656250003 0.8369565218749999 0.2259615390625 0.864130434375 0.22475961562500002 0.8736413046875 0.234375 0.89266304375 0.23317307656250003 0.9028532609375001 0.22836538437499998 0.91983695625 0.2115384609375 0.917119565625 0.193509615625 0.9048913046875 0.177884615625 0.8722826093749999 0.1574519234375 0.8586956515624999 0.143028846875 0.8498641296875 0.1262019234375 0.8186141296875 0.036057692187500004 0.81046195625 0.037259615625 0.8070652171875 0.044471153125 0.8084239125 0.06610576875 0.8050271734375001 0.09014423125 0.7961956515625 0.0949519234375 0.7826086953125 0.057692307812499996 0.77921195625 0.036057692187500004 0.768342390625 0.037259615625 0.7663043484375 0.07091346093749999 0.760869565625 0.091346153125 0.76358695625 0.11418269218749999 0.7554347828125 0.11778846093749999 0.731657609375 0.04326923125 0.7262228265624999 0.0396634609375 0.71875 0.04326923125 0.7126358703125 0.075721153125 0.700407609375 0.0637019234375 0.6990489125 0.0456730765625 0.68546195625 0.044471153125 0.678668478125 0.0829326921875 0.669157609375 0.07211538437500001 0.6616847828125 0.0769230765625 0.6603260875 0.10096153906250001 0.651494565625 0.12259615312500001 0.6460597828125 0.1478365390625 0.6460597828125 0.165865384375 0.6351902171875 0.1634615390625 0.6324728265624999 0.1574519234375 0.6148097828125 0.10456730781250001 0.606657609375 0.06850961562499999 0.5998641296875 0.0673076921875 0.596467390625 0.08173076875 0.5978260875 0.11177884687499999 0.5944293484375 0.146634615625 0.5991847828125 0.17548076875000002 0.6154891296875 0.2115384609375
1 0.7595108703125 0.318509615625 0.799592390625 0.3173076921875 0.807744565625 0.3112980765625 0.8118206515624999 0.294471153125 0.8111413046875 0.287259615625 0.7975543484375 0.2704326921875 0.7805706515625 0.2584134609375 0.73233695625 0.2391826921875 0.7126358703125 0.24038461562500002 0.7133152171875 0.2512019234375 0.7282608703125 0.2920673078125 0.73233695625 0.2920673078125 0.7595108703125 0.318509615625
2 0.8600543484375001 0.9987980765625 0.901494565625 0.9987980765625 0.9157608703125 0.9771634609375001 0.9205163046875 0.9603365390624999 0.9225543484375001 0.9278846156249999 0.9184782609375001 0.90264423125 0.90828804375 0.877403846875 0.8919836953125 0.861778846875 0.8607336953125 0.8641826921875 0.8505434781250001 0.87139423125 0.8396739125 0.893028846875 0.8349184781250001 0.9206730765625 0.8342391296875 0.9387019234375 0.8376358703125 0.9603365390624999 0.84578804375 0.981971153125 0.8600543484375001 0.9987980765625
2 0.3226902171875 0.9987980765625 0.33763587031250003 0.9783653843750001 0.3451086953125 0.9591346156249999 0.3491847828125 0.9375 0.3491847828125 0.9146634609375001 0.34171195625 0.88701923125 0.330842390625 0.8677884609375001 0.32065217343749997 0.8605769234375 0.31046195625 0.861778846875 0.303668478125 0.8677884609375001 0.2927989125 0.86298076875 0.2819293484375 0.8653846156249999 0.26766304375 0.888221153125 0.2615489125 0.92548076875 0.2622282609375 0.950721153125 0.2690217390625 0.9783653843750001 0.2826086953125 0.9987980765625 0.3226902171875 0.9987980765625
2 0.760869565625 0.9987980765625 0.8050271734375001 0.9987980765625 0.81453804375 0.984375 0.8220108703125 0.9627403843750001 0.8240489125 0.9266826921875 0.8206521734375001 0.903846153125 0.8070652171875 0.8737980765625 0.79483695625 0.86298076875 0.7730978265624999 0.8605769234375 0.7533967390625 0.872596153125 0.7418478265624999 0.8954326921875 0.73641304375 0.91826923125 0.7357336953125 0.9362980765625 0.7418478265624999 0.966346153125 0.74796195625 0.981971153125 0.760869565625 0.9987980765625
2 0.38451087031250003 0.9987980765625 0.424592390625 0.9987980765625 0.428668478125 0.9951923078125 0.4449728265625 0.966346153125 0.44972826093749996 0.9326923078125 0.4429347828125 0.890625 0.43614130468749995 0.8762019234375 0.421875 0.86298076875 0.390625 0.8641826921875 0.3783967390625 0.872596153125 0.366168478125 0.89423076875 0.362092390625 0.9158653843750001 0.36141304375 0.935096153125 0.36548912968749997 0.96514423125 0.37703804375 0.9915865390624999 0.38451087031250003 0.9987980765625
2 0.7024456515625 0.9987980765625 0.71671195625 0.981971153125 0.725543478125 0.94951923125 0.725543478125 0.919471153125 0.7221467390625 0.90264423125 0.7105978265624999 0.8762019234375 0.6990489125 0.8641826921875 0.684782609375 0.861778846875 0.6576086953125 0.8689903843750001 0.647418478125 0.8822115390624999 0.6392663046875 0.9158653843750001 0.6419836953125 0.9603365390624999 0.6480978265624999 0.9795673078125 0.661005434375 0.9987980765625 0.7024456515625 0.9987980765625
2 0.477581521875 0.9987980765625 0.515625 0.9987980765625 0.5210597828125 0.9951923078125 0.53328804375 0.9771634609375001 0.540081521875 0.9483173078125 0.5407608703125 0.9230769234375 0.536005434375 0.8978365390624999 0.528532609375 0.8798076921875 0.5122282609375 0.8641826921875 0.48369565156250005 0.8665865390624999 0.4741847828125 0.872596153125 0.461956521875 0.89423076875 0.455842390625 0.9230769234375 0.45516304375 0.950721153125 0.4585597828125 0.966346153125 0.47078804375 0.9939903843750001 0.477581521875 0.9987980765625
2 0.6107336953125 0.9987980765625 0.6263586953125 0.9759615390624999 0.6324728265624999 0.9519230765625 0.633831521875 0.9206730765625 0.631793478125 0.90625 0.6236413046875 0.8810096156249999 0.6107336953125 0.8641826921875 0.588994565625 0.8605769234375 0.567255434375 0.8701923078125 0.557744565625 0.8834134609375001 0.5482336953125 0.9146634609375001 0.5502717390625 0.9591346156249999 0.5563858703125 0.9771634609375001 0.5658967390625 0.9903846156249999 0.6107336953125 0.9987980765625