2 0.5115489125 0.490384615625 0.5509510875 0.48918269218750005 0.5625 0.474759615625 0.5699728265624999 0.44951923125000004 0.5720108703125 0.42548076874999996 0.5679347828125 0.396634615625 0.5611413046875 0.3798076921875 0.5509510875 0.3677884609375 0.5414402171875 0.3641826921875 0.510869565625 0.3677884609375 0.49796195625 0.3858173078125 0.491168478125 0.41105769218750005 0.4904891296875 0.43990384687499995 0.4938858703125 0.459134615625 0.497282609375 0.47115384687499995 0.5115489125 0.490384615625
2 0.426630434375 0.4927884609375 0.4585597828125 0.4915865390625 0.47214673906250004 0.4771634609375 0.48233695625 0.443509615625 0.48301630468749995 0.41826923125000004 0.4782608703125 0.3918269234375 0.46807065156250005 0.372596153125 0.4585597828125 0.365384615625 0.4300271734375 0.3641826921875 0.41983695625 0.368990384375 0.4116847828125 0.3798076921875 0.4021739125 0.41105769218750005 0.401494565625 0.431490384375 0.40489130468749995 0.459134615625 0.415081521875 0.48197115312500005 0.426630434375 0.4927884609375
2 0.33763587031250003 0.490384615625 0.375 0.48798076874999996 0.3865489125 0.47355769218750005 0.395380434375 0.44110576874999996 0.3960597828125 0.4206730765625 0.3919836953125 0.3954326921875 0.383831521875 0.3762019234375 0.37296195625 0.3677884609375 0.33763587031250003 0.3677884609375 0.330842390625 0.37139423125 0.32065217343749997 0.390625 0.315217390625 0.415865384375 0.31453804375 0.43509615312500005 0.3179347828125 0.45793269218750005 0.3288043484375 0.48197115312500005 0.33763587031250003 0.490384615625
2 0.3836052984375 0.274572115625 0.3892663046875 0.2391826921875 0.395380434375 0.22836538437499998 0.39877717343749997 0.1923076921875 0.39673912968749997 0.16826923124999998 0.3899456515625 0.1478365390625 0.37703804375 0.131009615625 0.3634510875 0.1262019234375 0.3383152171875 0.131009615625 0.32608695625 0.150240384375 0.319293478125 0.1802884609375 0.31997282656250003 0.2139423078125 0.3274456515625 0.2391826921875 0.336503396875 0.27136658593749996 0.3836052984375 0.274572115625
2 0.631793478125 0.490384615625 0.6413043484375 0.48197115312500005 0.6501358703125 0.459134615625 0.653532609375 0.431490384375 0.651494565625 0.40865384687499995 0.6467391296875 0.393028846875 0.6345108703125 0.377403846875 0.6188858703125 0.372596153125 0.59578804375 0.377403846875 0.5835597828125 0.39423076875 0.578125 0.4146634609375 0.58016304375 0.45673076874999996 0.5876358703125 0.4771634609375 0.5978260875 0.490384615625 0.631793478125 0.490384615625
2 0.5086052984375 0.279381009375 0.5457425265625 0.27136658593749996 0.557744565625 0.2391826921875 0.56453804375 0.22475961562500002 0.5679347828125 0.205528846875 0.5665760875 0.171875 0.56046195625 0.1478365390625 0.5475543484375 0.1298076921875 0.5305706515625 0.125 0.5095108703125 0.1298076921875 0.49864130468749995 0.1418269234375 0.4898097828125 0.171875 0.4898097828125 0.20913461562500002 0.4938858703125 0.23076923124999998 0.49864130468749995 0.23798076875000002 0.5086052984375 0.279381009375
2 0.6501358703125 0.21514423124999998 0.651494565625 0.1802884609375 0.6480978265624999 0.1610576921875 0.64266304375 0.1454326921875 0.6304347828125 0.1298076921875 0.6059782609375 0.1262019234375 0.5903532609375 0.1322115390625 0.5822010875 0.14423076875000002 0.5740489125 0.174278846875 0.5740489125 0.2079326921875 0.58016304375 0.23317307656250003 0.5973729624999999 0.27136658593749996 0.6501358703125 0.21514423124999998
2 0.729619565625 0.2271634609375 0.7336956515625 0.2079326921875 0.734375 0.181490384375 0.7282608703125 0.1490384609375 0.72078804375 0.134615384375 0.707880434375 0.125 0.6841032609375 0.1262019234375 0.67391304375 0.1322115390625 0.665081521875 0.1454326921875 0.6569293484375 0.174278846875 0.6576086953125 0.21274038437499998 0.6799959234374999 0.2764459140625 0.721190896875 0.27250480781249997 0.729619565625 0.2271634609375
2 0.46956725468749994 0.274474759375 0.47214673906250004 0.2391826921875 0.4782608703125 0.231971153125 0.48301630468749995 0.20913461562500002 0.484375 0.185096153125 0.4782608703125 0.153846153125 0.46942934843749995 0.13701923124999998 0.4572010875 0.127403846875 0.43614130468749995 0.125 0.42255434843749995 0.1298076921875 0.4116847828125 0.14423076875000002 0.403532609375 0.174278846875 0.40489130468749995 0.2139423078125 0.4137228265625 0.2391826921875 0.4216922546875 0.278415865625 0.46956725468749994 0.274474759375
2 0.352581521875 0.677884615625 0.37703804375 0.67548076875 0.3913043484375 0.6550480765625 0.395380434375 0.6418269234375 0.397418478125 0.5985576921875 0.3919836953125 0.578125 0.37703804375 0.556490384375 0.364130434375 0.5516826921875 0.3396739125 0.556490384375 0.33016304375 0.568509615625 0.321331521875 0.59735576875 0.32065217343749997 0.6237980765625 0.3247282609375 0.650240384375 0.33763587031250003 0.6730769234375 0.352581521875 0.677884615625
2 0.43953804375 0.6826923078125 0.466032609375 0.68389423125 0.471467390625 0.6802884609375 0.4938858703125 0.631009615625 0.4945652171875 0.609375 0.4898097828125 0.5853365390625 0.48233695625 0.5697115390625 0.46942934843749995 0.55889423125 0.43546195625 0.5612980765625 0.42323369531250005 0.578125 0.4164402171875 0.603365384375 0.4164402171875 0.631009615625 0.421875 0.65625 0.432744565625 0.6766826921875 0.43953804375 0.6826923078125
0 0.678668478125 0.490384615625 0.7126358703125 0.490384615625 0.7241847828125 0.478365384375 0.7330163046875 0.45673076874999996 0.7357336953125 0.427884615625 0.734375 0.412259615625 0.7289402171875 0.3918269234375 0.71671195625 0.375 0.7065217390625 0.3701923078125 0.6773097828125 0.372596153125 0.6684782609375 0.3834134609375 0.6596467390625 0.41105769218750005 0.65828804375 0.4362980765625 0.661005434375 0.45793269218750005 0.6677989125 0.4771634609375 0.678668478125 0.490384615625
0 0.76766304375 0.4915865390625 0.7914402171875 0.4927884609375 0.79891304375 0.48918269218750005 0.8118206515624999 0.47355769218750005 0.8158967390624999 0.45673076874999996 0.817255434375 0.421875 0.81453804375 0.40264423125000004 0.8063858703125 0.381009615625 0.79483695625 0.3701923078125 0.7669836953125 0.372596153125 0.7561141296875 0.3798076921875 0.75 0.3918269234375 0.745244565625 0.41826923125000004 0.745244565625 0.4387019234375 0.7506793484375 0.4675480765625 0.7561141296875 0.47956730781249995 0.76766304375 0.4915865390625
0 0.75 0.2391826921875 0.807744565625 0.23798076875000002 0.8165760875 0.20673076875000002 0.8165760875 0.1790865390625 0.81046195625 0.1490384609375 0.8023097828125 0.1334134609375 0.7934782609375 0.1262019234375 0.7601902171875 0.12860576875000002 0.747282609375 0.1454326921875 0.739130434375 0.1730769234375 0.7384510875 0.1983173078125 0.741168478125 0.21995192343749997 0.7438858703125 0.231971153125 0.75 0.2391826921875
0 0.10461956562500001 0.185096153125 0.10733695624999999 0.1670673078125 0.10529891250000001 0.134615384375 0.100543478125 0.11778846093749999 0.0876358703125 0.10096153906250001 0.07269021718749999 0.0949519234375 0.0475543484375 0.096153846875 0.032608695312500005 0.11177884687499999 0.028532609375 0.131009615625 0.026494565625 0.1875 0.032608695312500005 0.20432692343749997 0.0951086953125 0.21274038437499998 0.10461956562500001 0.185096153125
0 0.1576086953125 0.22475961562500002 0.1616847828125 0.221153846875 0.1657608703125 0.20192307656250003 0.16711956562500002 0.174278846875 0.16440217343750002 0.1514423078125 0.1576086953125 0.1334134609375 0.1419836953125 0.12139423125 0.11480978281250001 0.11899038437500001 0.1032608703125 0.12259615312500001 0.10733695624999999 0.1418269234375 0.10801630468750001 0.162259615625 0.0978260875 0.21274038437499998 0.1576086953125 0.22475961562500002
0 0.2269021734375 0.231971153125 0.2330163046875 0.2079326921875 0.2336956515625 0.1887019234375 0.2241847828125 0.150240384375 0.211956521875 0.140625 0.1759510875 0.138221153125 0.16983695625 0.143028846875 0.1657608703125 0.153846153125 0.1677989125 0.18389423124999998 0.16372282656249998 0.2235576921875 0.2194293484375 0.23557692343749997 0.2269021734375 0.231971153125
0 0.0774456515625 0.48677884687499995 0.0896739125 0.484375 0.09375 0.478365384375 0.102581521875 0.45072115312500005 0.10529891250000001 0.42668269218750005 0.10190217343750001 0.40144230781249995 0.0923913046875 0.381009615625 0.07608695625 0.37139423125 0.06521739062500001 0.37139423125 0.052309782812500004 0.3605769234375 0.032608695312500005 0.3762019234375 0.028532609375 0.384615384375 0.0346467390625 0.4362980765625 0.03125 0.47115384687499995 0.0366847828125 0.4855769234375 0.0774456515625 0.48677884687499995
0 0.109375 0.474759615625 0.11480978281250001 0.48197115312500005 0.1528532609375 0.48076923125000004 0.1576086953125 0.47956730781249995 0.16372282656249998 0.46875 0.1711956515625 0.44110576874999996 0.1725543484375 0.41105769218750005 0.16983695625 0.3954326921875 0.16100543437499998 0.375 0.1555706515625 0.3701923078125 0.1304347828125 0.3677884609375 0.10733695624999999 0.37139423125 0.10122282656249999 0.37860576875 0.09918478281250001 0.390625 0.10665760937499999 0.4230769234375 0.1032608703125 0.45793269218750005 0.109375 0.474759615625
0 0.1684782609375 0.459134615625 0.1705163046875 0.47235576874999996 0.17934782656249998 0.4771634609375 0.21671195625 0.4699519234375 0.22826087031250003 0.43509615312500005 0.22826087031250003 0.41105769218750005 0.2201086953125 0.375 0.2112771734375 0.3665865390625 0.178668478125 0.3665865390625 0.1677989125 0.37139423125 0.165081521875 0.3798076921875 0.1725543484375 0.40985576874999996 0.1732336953125 0.4290865390625 0.1684782609375 0.459134615625
0 0.073369565625 0.752403846875 0.0923913046875 0.7427884609375 0.0998641296875 0.728365384375 0.10733695624999999 0.6959134609375 0.10733695624999999 0.662259615625 0.1032608703125 0.64423076875 0.0951086953125 0.62860576875 0.0862771734375 0.622596153125 0.0658967390625 0.622596153125 0.045516304687499995 0.6298076921875 0.0346467390625 0.643028846875 0.0271739125 0.665865384375 0.027853260937500002 0.7199519234375 0.042119565625 0.743990384375 0.052309782812500004 0.7512019234375 0.073369565625 0.752403846875
0 0.1263586953125 0.7295673078125 0.1413043484375 0.7295673078125 0.1548913046875 0.7235576921875 0.1657608703125 0.6947115390625 0.169157609375 0.6766826921875 0.1684782609375 0.646634615625 0.1616847828125 0.62139423125 0.1508152171875 0.606971153125 0.1290760875 0.60576923125 0.109375 0.6165865390625 0.10122282656249999 0.627403846875 0.100543478125 0.6334134609375 0.109375 0.6670673078125 0.109375 0.71514423125 0.1263586953125 0.7295673078125
0 0.16983695625 0.685096153125 0.1664402171875 0.69951923125 0.1881793484375 0.709134615625 0.21263587031250003 0.7019230765625 0.2201086953125 0.677884615625 0.22350543437499998 0.650240384375 0.2221467390625 0.6298076921875 0.21603260937500002 0.606971153125 0.209918478125 0.59735576875 0.20108695625 0.5925480765625 0.17391304375 0.5949519234375 0.1616847828125 0.6045673078125 0.158967390625 0.6141826921875 0.1664402171875 0.631009615625 0.16983695625 0.6574519234375 0.16983695625 0.685096153125
0 0.10529891250000001 0.9891826921875 0.10733695624999999 0.9579326921875 0.10461956562500001 0.94110576875 0.0998641296875 0.92548076875 0.09171195625 0.9146634609375001 0.0686141296875 0.90985576875 0.055706521875000005 0.9158653843750001 0.048233695312500005 0.9230769234375 0.036005434375 0.9483173078125 0.033967390624999996 0.96514423125 0.042119565625 0.9987980765625 0.10122282656249999 0.9987980765625 0.10529891250000001 0.9891826921875
0 0.11684782656249999 0.9987980765625 0.1548913046875 0.9987980765625 0.16711956562500002 0.9771634609375001 0.1725543484375 0.9591346156249999 0.174592390625 0.9326923078125 0.1711956515625 0.90985576875 0.165081521875 0.893028846875 0.1548913046875 0.8810096156249999 0.1351902171875 0.877403846875 0.118206521875 0.8846153843750001 0.11005434843749999 0.8918269234375 0.10122282656249999 0.9158653843750001 0.100543478125 0.924278846875 0.10665760937499999 0.9435096156249999 0.10801630468750001 0.9783653843750001 0.11684782656249999 0.9987980765625
0 0.17391304375 0.9675480765625 0.19565217343750002 0.96875 0.2085597828125 0.9591346156249999 0.21603260937500002 0.9471153843750001 0.2221467390625 0.8966346156249999 0.2173913046875 0.8677884609375001 0.2112771734375 0.85576923125 0.1990489125 0.84735576875 0.1820652171875 0.846153846875 0.1725543484375 0.8497596156249999 0.158967390625 0.8689903843750001 0.15625 0.8798076921875 0.16711956562500002 0.8966346156249999 0.1732336953125 0.919471153125 0.17391304375 0.9675480765625
0 0.7710597828125 0.6706730765625 0.7819293484375 0.653846153125 0.7866847828125 0.622596153125 0.7853260875 0.5985576921875 0.7798913046875 0.580528846875 0.7710597828125 0.564903846875 0.7601902171875 0.5576923078125 0.7330163046875 0.5576923078125 0.7228260875 0.564903846875 0.7153532609375 0.5793269234375 0.7126358703125 0.5949519234375 0.7377717390625 0.6262019234375 0.7554347828125 0.6790865390625 0.7710597828125 0.6706730765625
0 0.9211956515624999 0.9627403843750001 0.9490489125 0.96514423125 0.9436141296875 0.9435096156249999 0.9361413046875 0.9314903843750001 0.9252717390624999 0.9230769234375 0.8960597828125 0.9278846156249999 0.8831521734375001 0.94951923125 0.8831521734375001 0.96514423125 0.8994565218749999 0.9855769234375 0.90828804375 0.97235576875 0.9211956515624999 0.9627403843750001
0 0.979619565625 0.8028846156249999 0.9755434781250001 0.77764423125 0.9592391296875 0.7512019234375 0.9490489125 0.7427884609375 0.9347826093749999 0.7427884609375 0.92391304375 0.747596153125 0.911005434375 0.763221153125 0.9103260875 0.7668269234375 0.9157608703125 0.7728365390625 0.9782608703125 0.8269230765625 0.979619565625 0.8028846156249999
1 0.518342390625 0.7175480765625 0.5366847828125 0.69951923125 0.56046195625 0.66826923125 0.5767663046875 0.638221153125 0.591032609375 0.599759615625 0.5944293484375 0.5612980765625 0.6019021734375001 0.533653846875 0.591032609375 0.525240384375 0.58016304375 0.5384615390625 0.553668478125 0.5552884609375 0.5217391296875 0.609375 0.48777173906250004 0.6478365390625 0.466032609375 0.6959134609375 0.46671195625 0.7079326921875 0.47010869531250005 0.7139423078125 0.4925271734375 0.7235576921875 0.518342390625 0.7175480765625
1 0.6419836953125 0.9206730765625 0.647418478125 0.9158653843750001 0.665081521875 0.8485576921875 0.663295515625 0.7690480765625 0.6773097828125 0.8834134609375001 0.678668478125 0.9110576921875 0.6813858703125 0.919471153125 0.6881793484375 0.924278846875 0.6990489125 0.919471153125 0.703125 0.9110576921875 0.7044836953125 0.8918269234375 0.7105978265624999 0.8737980765625 0.7145108703124999 0.6882608171875 0.7309782609375 0.8389423078125 0.7350543484375 0.872596153125 0.7398097828125 0.87860576875 0.741168478125 0.89423076875 0.7466032609375 0.903846153125 0.7561141296875 0.9050480765625 0.76358695625 0.8990384609375001 0.7649456515625 0.87860576875 0.772418478125 0.8497596156249999 0.7730978265624999 0.825721153125 0.7710597828125 0.78125 0.7642663046875 0.74639423125 0.76358695625 0.728365384375 0.74796195625 0.65625 0.7404891296875 0.634615384375 0.7269021734375001 0.6105769234375 0.7126358703125 0.5985576921875 0.7024456515625 0.5733173078125 0.6997282609375 0.5540865390625 0.7017663046875 0.53485576875 0.698369565625 0.52764423125 0.6868206515625 0.51923076875 0.6501358703125 0.521634615625 0.6480978265624999 0.5769230765625 0.62655366875 0.7316105765625001 0.6232133156249999 0.7848112984375 0.618760190625 0.8281610578124999 0.622282609375 0.8762019234375 0.6304347828125 0.9206730765625 0.6419836953125 0.9206730765625
1 0.567255434375 0.810096153125 0.575407609375 0.8052884609375001 0.586956521875 0.76923076875 0.616168478125 0.712740384375 0.6311141296875 0.6634615390625 0.63858695625 0.615384615625 0.637907609375 0.59735576875 0.6256793484375 0.5552884609375 0.625 0.525240384375 0.6086956515625 0.52764423125 0.6080163046875 0.5384615390625 0.598505434375 0.560096153125 0.598505434375 0.578125 0.59578804375 0.5829326921875 0.5978260875 0.596153846875 0.5923913046875 0.6105769234375 0.5883152171875 0.63701923125 0.5740489125 0.677884615625 0.5482336953125 0.724759615625 0.544157609375 0.743990384375 0.5434782609375 0.7644230765625 0.5550271734375001 0.80889423125 0.559782609375 0.8125 0.567255434375 0.810096153125
2 0.9993206515624999 0.3894230765625 0.9782608703125 0.3605769234375 0.9646739125 0.356971153125 0.9341032609375001 0.3605769234375 0.9225543484375001 0.3737980765625 0.9096467390624999 0.415865384375 0.911005434375 0.45072115312500005 0.9789402171875 0.46875 0.9993206515624999 0.46875 0.9993206515624999 0.3894230765625
2 0.9626358703125 0.5084134609375 0.98233695625 0.493990384375 0.9830163046875 0.4855769234375 0.9388586953125 0.47956730781249995 0.9191576093749999 0.47115384687499995 0.9184782609375001 0.4771634609375 0.9245923906250001 0.4915865390625 0.9388586953125 0.502403846875 0.9626358703125 0.5084134609375
2 0.9096467390624999 0.41105769218750005 0.917119565625 0.384615384375 0.9313858703125 0.3605769234375 0.9232336953125 0.356971153125 0.885869565625 0.3605769234375 0.87296195625 0.3834134609375 0.8675271734375001 0.4074519234375 0.8668478265624999 0.42668269218750005 0.8709239125 0.44110576874999996 0.9089673906250001 0.45072115312500005 0.9096467390624999 0.41105769218750005
2 0.9184782609375001 0.47956730781249995 0.9130434781250001 0.47115384687499995 0.8763586953125 0.46514423125000004 0.8763586953125 0.47235576874999996 0.8865489125 0.4855769234375 0.91983695625 0.48918269218750005 0.9184782609375001 0.47956730781249995
2 0.917119565625 0.12860576875000002 0.9096467390624999 0.11658653906250001 0.9144021734375001 0.08413461562499999 0.8974184781250001 0.08533653906250001 0.879755434375 0.096153846875 0.8709239125 0.11177884687499999 0.864130434375 0.140625 0.8634510875 0.162259615625 0.8654891296875 0.1646634609375 0.9157608703125 0.138221153125 0.917119565625 0.12860576875000002
2 0.91983695625 0.185096153125 0.9232336953125 0.1802884609375 0.9211956515624999 0.1706730765625 0.9150815218749999 0.162259615625 0.8817934781250001 0.174278846875 0.8688858703125 0.18389423124999998 0.8675271734375001 0.1887019234375 0.8709239125 0.197115384375 0.87703804375 0.200721153125 0.91983695625 0.185096153125
2 0.9673913046875 0.11418269218749999 0.9660326093749999 0.08774038437500001 0.9721467390624999 0.051682692187500004 0.9565217390624999 0.0480769234375 0.9375 0.05408653906250001 0.921875 0.07091346093749999 0.9103260875 0.10216346093749999 0.9096467390624999 0.12259615312500001 0.917119565625 0.13701923124999998 0.9646739125 0.11899038437500001 0.9673913046875 0.11418269218749999
2 0.9782608703125 0.1610576921875 0.97078804375 0.1394230765625 0.9205163046875 0.1574519234375 0.9177989125 0.1610576921875 0.9184782609375001 0.1670673078125 0.9252717390624999 0.181490384375 0.9782608703125 0.1610576921875
2 0.9918478265624999 0.0168269234375 0.9782608703125 0.037259615625 0.9673913046875 0.0793269234375 0.9673913046875 0.11538461562499999 0.9993206515624999 0.10576923125 0.9993206515624999 0.013221153125 0.9918478265624999 0.0168269234375
2 0.9993206515624999 0.12860576875000002 0.9748641296875 0.138221153125 0.973505434375 0.1418269234375 0.979619565625 0.1610576921875 0.9993206515624999 0.1574519234375 0.9993206515624999 0.12860576875000002
2 0.3716032609375 0.8545673078125 0.379755434375 0.84735576875 0.3851902171875 0.8185096156249999 0.3790760875 0.790865384375 0.3648097828125 0.7764423078125 0.354619565625 0.77764423125 0.3430706515625 0.7860576921875 0.3335597828125 0.8125 0.3335597828125 0.8329326921875 0.33763587031250003 0.84735576875 0.3600543484375 0.856971153125 0.3716032609375 0.8545673078125
2 0.408967390625 0.8581730765625 0.421875 0.856971153125 0.4334239125 0.8485576921875 0.43953804375 0.8329326921875 0.43885869531250005 0.80048076875 0.43546195625 0.7896634609375 0.42323369531250005 0.7728365390625 0.4123641296875 0.7704326921875 0.40285326093749996 0.7740384609375 0.3947010875 0.78485576875 0.3872282609375 0.8052884609375001 0.3872282609375 0.8329326921875 0.3913043484375 0.846153846875 0.39809782656250003 0.8533653843750001 0.408967390625 0.8581730765625
2 0.477581521875 0.8581730765625 0.4884510875 0.8497596156249999 0.4945652171875 0.8341346156249999 0.4945652171875 0.796875 0.48777173906250004 0.78125 0.48097826093749996 0.7740384609375 0.47078804375 0.76923076875 0.4605978265625 0.771634615625 0.45176630468749995 0.78125 0.4456521734375 0.7956730765625 0.4436141296875 0.82451923125 0.4490489125 0.8425480765625 0.4585597828125 0.8545673078125 0.477581521875 0.8581730765625
2 0.5251358703125 0.859375 0.540081521875 0.8545673078125 0.5461956515625 0.8497596156249999 0.5523097828125 0.8365384609375001 0.5543478265624999 0.8125 0.5475543484375 0.783653846875 0.5394021734375001 0.771634615625 0.5278532609375 0.768028846875 0.51766304375 0.7728365390625 0.5040760875 0.796875 0.5040760875 0.8329326921875 0.5095108703125 0.84735576875 0.51766304375 0.85576923125 0.5251358703125 0.859375
2 0.5944293484375 0.8533653843750001 0.602581521875 0.84375 0.6052989125 0.8329326921875 0.6059782609375 0.8064903843750001 0.6019021734375001 0.7860576921875 0.596467390625 0.77764423125 0.5896739125 0.775240384375 0.573369565625 0.8076923078125 0.5570652171875 0.81610576875 0.5625 0.8449519234375 0.5658967390625 0.8509615390624999 0.5794836953125 0.8581730765625 0.5944293484375 0.8533653843750001
2 0.366168478125 0.919471153125 0.36548912968749997 0.9146634609375001 0.36141304375 0.9134615390624999 0.323369565625 0.9146634609375001 0.33016304375 0.93389423125 0.3396739125 0.94110576875 0.3586956515625 0.9362980765625 0.366168478125 0.919471153125
2 0.36684782656250003 0.872596153125 0.3552989125 0.856971153125 0.3403532609375 0.8545673078125 0.332880434375 0.8581730765625 0.3240489125 0.87139423125 0.321331521875 0.8822115390624999 0.32065217343749997 0.8954326921875 0.3247282609375 0.8978365390624999 0.36888587031250003 0.89423076875 0.36684782656250003 0.872596153125
2 0.4164402171875 0.919471153125 0.4164402171875 0.9146634609375001 0.4116847828125 0.9110576921875 0.372282609375 0.9146634609375001 0.3763586953125 0.9290865390624999 0.38858695625 0.939903846875 0.40760869531250005 0.9387019234375 0.4164402171875 0.919471153125
2 0.4177989125 0.893028846875 0.4137228265625 0.8689903843750001 0.40557065156250005 0.8581730765625 0.39673912968749997 0.8545673078125 0.381793478125 0.859375 0.3716032609375 0.8822115390624999 0.3709239125 0.89423076875 0.375 0.8978365390624999 0.4144021734375 0.8978365390624999 0.4177989125 0.893028846875
2 0.45380434843749995 0.9362980765625 0.4633152171875 0.919471153125 0.4626358703125 0.9134615390624999 0.42255434843749995 0.9134615390624999 0.42051630468749995 0.91826923125 0.42391304375 0.9278846156249999 0.43885869531250005 0.94110576875 0.45380434843749995 0.9362980765625
2 0.4626358703125 0.87139423125 0.4585597828125 0.8641826921875 0.446331521875 0.856971153125 0.4293478265625 0.861778846875 0.42051630468749995 0.8822115390624999 0.41983695625 0.8954326921875 0.42323369531250005 0.8978365390624999 0.46535326093749996 0.89423076875 0.4626358703125 0.87139423125
2 0.5 0.9423076921875 0.5149456515625 0.919471153125 0.5122282609375 0.9134615390624999 0.47010869531250005 0.9146634609375001 0.46942934843749995 0.919471153125 0.4748641296875 0.9314903843750001 0.48641304375 0.9423076921875 0.5 0.9423076921875
2 0.5 0.856971153125 0.479619565625 0.859375 0.473505434375 0.8665865390624999 0.46807065156250005 0.8846153843750001 0.46942934843749995 0.8966346156249999 0.515625 0.8954326921875 0.5115489125 0.8701923078125 0.5 0.856971153125
2 0.5523097828125 0.9375 0.5638586953125 0.919471153125 0.56046195625 0.9134615390624999 0.5210597828125 0.9122596156249999 0.5197010875 0.919471153125 0.5251358703125 0.9314903843750001 0.5394021734375001 0.939903846875 0.5523097828125 0.9375
2 0.5658967390625 0.8846153843750001 0.5611413046875 0.8701923078125 0.54483695625 0.85576923125 0.526494565625 0.861778846875 0.518342390625 0.8834134609375001 0.51766304375 0.89423076875 0.520380434375 0.8978365390624999 0.5658967390625 0.8954326921875 0.5658967390625 0.8846153843750001
2 0.6039402171875 0.9375 0.6148097828125 0.9158653843750001 0.5726902171875 0.9134615390624999 0.5720108703125 0.924278846875 0.5794836953125 0.939903846875 0.5862771734375001 0.9423076921875 0.6039402171875 0.9375
2 0.6168478265624999 0.89423076875 0.616168478125 0.8822115390624999 0.609375 0.8653846156249999 0.5971467390625 0.8545673078125 0.5788043484375 0.8605769234375 0.5726902171875 0.8701923078125 0.569293478125 0.8846153843750001 0.5686141296875 0.89423076875 0.571331521875 0.8978365390624999 0.6127717390625 0.8978365390624999 0.6168478265624999 0.89423076875
2 0.45652173906250004 0.7740384609375 0.47214673906250004 0.765625 0.46807065156250005 0.7391826921875 0.4605978265625 0.7271634609375 0.44972826093749996 0.721153846875 0.4313858703125 0.7259615390625 0.41983695625 0.7512019234375 0.419157609375 0.7668269234375 0.4334239125 0.78125 0.4415760875 0.7956730765625 0.45652173906250004 0.7740384609375
2 0.5122282609375 0.77764423125 0.5258152171875 0.765625 0.524456521875 0.7427884609375 0.5142663046875 0.724759615625 0.48573369531250005 0.724759615625 0.4762228265625 0.743990384375 0.4762228265625 0.7668269234375 0.4938858703125 0.7920673078125 0.5013586953125 0.7956730765625 0.5122282609375 0.77764423125